Microsoft Windows [Versión 10.0.26200.8894]
(c) Microsoft Corporation. Todos los derechos reservados.

C:\Users\Administrator\Desktop\Nueva carpeta>python tex.py
00 00
00 22 20 00 44 44 64 42 12 a4 24 24 22 20 44 22 20 22 22 44 00 20 20 44 22 20 04 15 02 00 22 44 04 01 20 40 00 00 02 02 00 02 00 44 31 01 13 02 4c 03 44 02 22 0c 02 22 44 00 00 06 20 06 00 00 00 04 60 06 00 22 02 00 22 06 00 22 02 02 00 02 02 02 02 02 02 02 22 88 22 00 03 00 40 04 40 04 33 00 20 22
00 23 44 04 22 22 04 22 22 84 03 02 22 00 02 02 00 02 44 12 04 20 44 55 22 22 00 40 00 03 22 80 22 06 00 02 02 00 00 60 44 00 22 02 02 22 22 00 03 22 01 22 00 02 02 00 00 00 00 02 13 02 00 20 40 22 00 22 04 22 04 02 02 60 06 00 44 03 04 03 06 00 22 00 44 02 04 23 06 00 02 00 00 02 00 63 44 13 02 60
06 88 22 00 02 00 22 02 01 02 00 02 00 40 44 22 22 80 22 06 01 26 03 80 12 00 02 02 00 02 02 02 00 02 00 00 44 22 04 00 80 02 06 00 22 00 80 02 00 22 02 20 02 04 22 20 02 04 06 20 00 22 44 22 02 02 02 00 00 02 20 04 62 44 20 44 13 44 02 00 20 44 44 02 44 00 22 44 00 06 00 22 02 00 00 60 20 02 44 02
04 88 22 00 00 02 02 00 00 00 00 02 22 22 02 02 04 08 80 22 06 00 06 00 00 22 20 03 06 00 02 44 22 02 04 08 02 22 40 02 20 02 02 02 00 02 22 42 40 60 44 13 02 02 22 08 02 44 02 22 00 22 04 06 00 26 02 44 22 04 64 44 00 06 00 00 02 22 00 22 00 02 02 00 00 02 00 02 02 44 02 22 08 00 02 22 00 22 00 22
02 00 06 00 44 00 00 26 02 02 02 84 22 00 06 00 02 00 02 00 00 02 01 22 44 13 00 02 22 00 22 06 00 60 02 01 02 02 44 22 04 04 64 02 00 22 22 00 22 00 06 00 04 22 00 02 00 02 00 02 02 00 22 08 02 04 44 44 22 04 22 44 00 00 00 00 04 40 44 44 00 44 60 02 02 02 80 02 02 02 00 02 02 00 00 62 44 03 44 00
22 44 02 60 00 00 22 04 40 44 02 22 44 02 22 00 02 44 22 22 80 22 00 02 40 06 04 02 00 02 00 00 22 02 12 40 03 04 22 00 00 60 06 00 20 20 02 02 02 22 44 02 04 01 22 44 00 01 22 02 04 02 00 02 00 00 00 00 23 44 13 02 13 04 03 00 00 00 06 00 02 20 00 22 80 22 80 22 00 04 22 80 22 00 22 02 06 00 02 02
00 02 00 02 00 00 10 22 4c 00 22 00 02 22 44 03 02 40 01 20 44 02 00 20 80 22 80 02 01 06 00 00 00 02 02 00 02 02 00 20 02 02 40 22 44 10 02 03 44 02 44 08 60 02 06 00 00 02 00 44 02 80 02 22 44 00 00 02 00 60 44 01 00 02 00 02 00 00 04 12 44 02 22 44 02 00 00 00 44 00 00 02 02 44 02 00 00 44 02 00
02 22 44 02 44 22 22 44 02 00 02 02 00 22 42 40 00 02 22 00 02 00 40 00 00 00 00 22 44 02 02 04 88 02 20 22 80 22 04 02 04 00 00 02 02 00 02 00 02 02 02 00 00 02 00 00 00 02 02 22 80 22 88 22 80 06 00 82 00 22 02 44 02 02 02 44 22 04 00 20 02 00 00 00 00 02 22 46 12 02 08 00 44 00 20 00 22 04 02 44
04 00 02 00 64 04 02 44 04 44 80 06 00 02 00 00 00 00 02 00 00 20 80 22 02 02 40 06 00 20 02 00 00 20 04 02 44 02 00 00 10 02 02 00 20 20 22 88 22 00 02 00 02 00 44 02 62 44 40 02 00 00 64 20 02 00 44 44 02 04 22 02 02 04 22 02 02 02 04 06 00 02 20 00 22 00 22 00 02 02 00 00 00 00 20 02 00 06 00 22
02 00 00 00 00 23 22 11 02 00 02 44 02 02 11 22 04 02 00 04 00 02 20 02 00 02 00 02 00 02 00 02 02 22 88 20 04 00 02 22 08 00 44 02 04 00 a8 60 44 00 00 62 44 00 44 02 80 22 80 02 00 02 00 00 00 00 00 00 00 00 00 00 00 02 00 02 02 40 02 22 00 22 00 06 00 00 04 22 00 20 0a 02 22 01 02 00 02 00 00 20
00 22 00 02 22 44 0a 00 06 00 22 04 00 00 02 00 44 00 22 04 04 20 20 22 08 22 00 22 00 00 00 02 00 00 00 00 00 22 44 02 02 00 00 02 03 20 04 20 44 22 04 02 00 22 00 44 8a 22 04 01 0a 40 00 44 0a 22 00 02 02 00 44 22 02 22 44 60 44 44 02 02 06 00 06 88 00 02 00 02 44 80 00 00 00 40 04 02 00 44 00 02
00 00 00 02 00 02 00 02 02 40 00 06 00 22 00 00 08 22 04 00 80 22 02 08 02 22 44 08 06 00 00 00 00 11 22 44 82 00 00 02 02 00 20 22 02 66 40 22 00 40 44 02 22 08 02 40 22 02 44 44 02 22 00 02 00 05 22 44 8a 00 00 00 02 00 02 22 02 00 02 00 00 02 00 12 00 40 00 02 04 44 44 02 22 00 02 44 02 22 44 02
02 00 00 00 60 06 00 00 00 44 00 02 00 02 00 44 44 44 22 22 44 20 00 02 00 02 00 02 22 02 44 02 00 00 01 22 04 02 00 00 04 02 04 80 20 80 04 00 02 00 02 00 00 00 02 44 12 22 44 00 0a 00 60 06 00 22 44 40 04 02 00 00 00 00 00 00 01 22 04 02 00 00 00 02 00 02 00 44 22 22 44 02 62 44 00 22 00 22 00 00
00 02 20 2a 22 80 22 0c 02 04 00 40 04 40 04 02 22 01 02 00 02 00 00 00 00 00 02 00 40 40 02 00 02 00 8a 22 44 00 02 00 22 00 80 01 02 00 02 22 01 00 00 00 00 00 00 22 00 02 00 00 02 40 22 46 40 42 02 02 0a 22 00 00 00 00 06 00 02 00 40 42 02 04 88 00 8a 00 82 00 44 00 80 20 44 00 02 02 00 00 00 00
00 02 00 44 00 00 02 02 20 0a 00 02 00 44 02 10 02 02 01 22 44 02 84 00 44 02 50 20 20 00 00 00 00 44 02 62 44 02 22 44 02 22 44 00 40 00 02 02 00 44 02 10 00 00 00 02 00 00 40 88 04 00 00 20 02 00 02 00 00 02 00 02 00 02 22 02 44 02 02 05 22 88 22 80 22 80 00 40 00 00 00 02 22 80 00 40 02 02 15 22
01 02 00 00 00 00 62 00 20 22 22 44 03 22 04 02 22 05 00 02 40 04 00 00 05 00 02 20 00 00 22 08 0a 02 02 00 80 00 00 02 00 02 00 00 00 02 40 04 02 02 00 00 50 20 44 44 02 02 00 02 00 00 00 02 20 02 00 00 60 02 00 00 20 00 00 02 00 20 22 02 42 44 44 02 00 00 02 22 00 02 44 02 40 00 11 22 04 02 02 88
22 08 22 04 22 82 06 00 02 00 02 00 00 00 00 00 02 02 44 10 00 20 44 00 02 00 82 02 00 22 00 00 20 44 02 40 02 80 0a 00 22 a2 02 02 02 02 00 02 02 60 22 22 44 22 40 00 20 22 01 00 00 00 22 00 44 02 40 02 04 22 00 00 00 08 82 00 00 00 04 40 04 00 00 02 02 02 00 00 00 00 00 00 02 84 00 04 02 04 80 01
22 04 80 40 00 00 01 02 00 22 44 02 02 40 02 02 00 00 02 00 22 00 02 0a 42 04 00 00 00 02 00 88 02 00 88 82 00 02 20 01 02 40 00 02 40 00 00 60 04 40 00 02 00 02 02 02 00 02 40 00 00 02 20 02 00 00 00 02 00 0a 00 02 00 80 02 02 05 22 88 22 01 22 04 02 22 01 02 02 02 00 00 00 00 40 02 0a 44 04 02 22
44 00 40 02 02 00 44 20 04 20 c8 02 08 00 22 22 00 04 88 00 20 00 00 20 02 00 02 02 02 02 02 00 00 82 00 44 00 20 44 20 02 08 22 00 00 60 02 00 82 00 02 00 02 02 20 44 00 02 00 02 00 02 00 84 22 20 46 44 00 60 44 02 00 02 02 44 02 44 00 00 02 02 84 82 40 02 88 80 20 8a 00 22 00 02 00 00 02 00 00 02
00 40 00 13 00 02 22 44 02 00 02 00 00 00 8a 22 05 22 01 22 01 22 00 06 00 00 40 00 08 00 04 02 00 02 00 4c 02 02 44 22 40 22 44 02 02 00 22 02 00 48 02 88 00 02 00 44 02 80 02 00 02 22 80 02 44 02 04 02 00 02 00 02 02 44 00 02 08 00 00 00 02 8a 00 02 02 02 00 22 88 00 00 82 22 48 02 00 00 22 8a 02
00 02 00 02 00 00 22 00 22 20 04 22 c0 02 00 02 00 04 22 80 22 08 8a 02 01 02 00 44 00 44 02 14 02 02 44 00 44 00 14 02 00 02 00 00 44 40 04 02 22 00 00 44 02 22 05 22 08 22 44 02 00 01 02 40 00 00 22 00 22 08 20 01 00 00 02 00 00 44 22 64 4a 02 00 22 40 22 00 00 08 00 02 00 88 02 22 02 04 02 44 02
00 40 08 22 00 00 40 04 02 00 22 02 00 00 00 04 20 44 00 02 00 0a 02 88 22 02 00 02 02 44 02 04 02 02 05 22 44 02 04 02 04 00 80 02 00 00 00 00 00 00 00 0a 40 04 22 02 03 06 00 00 22 88 02 00 02 22 05 22 44 02 00 05 02 00 00 04 20 00 20 00 00 01 00 02 00 00 02 00 02 00 02 00 02 02 44 02 04 02 44 02
00 44 44 02 04 02 00 40 80 22 80 22 88 06 88 00 00 02 00 44 22 22 00 02 44 02 02 22 00 a0 a0 02 40 02 00 02 22 05 22 00 22 80 22 88 22 88 22 00 00 00 08 22 00 02 02 00 00 00 00 00 00 02 00 22 00 22 04 00 88 22 88 22 00 88 05 22 88 00 00 02 00 00 00 22 c8 22 00 02 02 00 a0 08 02 40 02 40 00 02 00 02
00 80 22 04 00 01 02 04 00 05 22 08 00 00 c0 02 02 00 80 20 88 02 00 00 00 02 00 02 10 02 00 00 0a 00 10 00 20 02 00 00 60 02 80 00 22 80 82 00 05 02 01 02 01 02 00 00 02 00 44 02 44 22 02 44 42 00 00 02 00 02 22 22 00 22 88 02 00 10 02 00 84 02 44 02 00 01 02 80 11 00 00 02 00 00 00 02 02 00 00 00
22 80 22 88 00 00 00 00 20 0a 02 06 0a 02 80 00 02 80 02 80 02 00 02 00 00 00 22 02 24 22 00 80 22 80 22 00 02 00 64 44 02 00 64 44 00 44 01 00 20 02 00 08 02 00 80 08 20 00 02 02 20 00 22 00 00 00 02 00 00 10 06 00 44 02 04 22 80 88 02 00 22 80 22 88 22 88 04 00 00 22 00 00 00 22 02 44 02 40 02 44
03 04 22 88 00 02 00 c0 02 22 80 22 88 22 00 02 04 08 05 22 00 44 00 80 02 00 00 00 02 40 02 00 22 08 02 02 a0 00 c8 02 00 00 02 20 00 00 00 20 0a 02 82 00 80 02 00 00 22 02 00 22 20 80 04 02 02 80 02 20 20 02 00 06 00 50 02 00 64 80 22 00 22 04 00 88 22 04 00 02 00 00 00 00 04 02 00 01 22 00 02 00
0a 0a 02 80 00 02 00 06 02 00 10 02 02 00 00 00 22 88 8a 02 00 44 00 22 02 40 44 00 88 22 02 80 20 00 00 20 82 00 02 80 02 06 02 44 80 88 80 22 08 00 88 02 02 00 00 02 00 00 00 02 00 06 00 44 02 44 40 00 02 04 80 00 82 02 00 00 02 22 80 22 00 06 08 00 00 44 02 02 22 02 00 00 02 00 20 00 00 22 04 02
00 40 04 02 04 00 04 08 02 08 a0 02 80 8a 02 00 00 00 00 22 80 02 02 00 44 20 0a 01 40 02 00 00 22 04 04 00 00 08 0a 00 80 00 04 22 00 00 22 40 02 02 40 44 00 20 02 00 80 02 80 00 02 00 44 00 05 22 04 02 04 00 00 08 02 08 00 01 00 00 02 04 00 02 00 00 00 80 02 80 00 40 00 00 20 02 00 00 00 80 22 88
02 00 08 00 02 00 00 00 22 44 08 02 00 02 10 02 00 26 00 44 00 00 01 02 44 00 50 00 02 00 00 02 02 00 02 80 02 00 00 02 22 00 00 40 22 80 02 22 00 00 00 20 00 02 00 40 00 00 02 00 44 02 00 02 00 88 00 0a 00 02 00 00 00 20 22 40 00 02 20 88 02 00 c0 02 00 00 20 00 04 00 44 02 80 04 01 a0 10 08 00 08
80 00 00 00 00 00 80 22 22 00 00 02 00 00 04 00 20 00 00 00 02 00 00 20 82 00 80 c0 02 01 02 00 44 22 04 00 02 00 00 06 00 00 06 00 04 02 04 00 20 00 06 00 02 22 00 02 00 00 88 00 02 80 22 00 00 00 00 00 02 02 04 02 04 22 00 08 06 20 01 00 00 00 0a 00 22 02 00 06 00 00 06 00 06 00 40 02 20 40 80 22
06 00 80 02 00 00 20 00 02 22 01 02 88 00 00 02 01 00 00 00 00 00 00 20 00 00 00 00 00 00 00 00 00 00 a0 02 00 00 02 06 02 80 04 00 04 00 00 00 00 00 00 02 00 40 00 00 00 40 00 00 02 00 80 24 80 22 08 02 00 00 00 00 00 44 03 04 00 02 00 8a 00 00 00 00 00 00 04 80 00 88 82 00 00 02 44 00 00 88 00 00
00 04 a8 64 04 00 44 00 20 00 04 02 00 04 02 40 02 00 00 04 02 06 44 08 22 00 02 80 80 00 01 01 04 00 00 00 88 02 00 44 44 00 20 00 02 04 44 08 02 20 00 22 00 02 00 08 22 80 22 80 00 80 02 00 02 08 02 04 22 00 22 00 20 04 04 04 00 04 00 60 00 01 80 22 05 22 80 04 00 08 08 02 02 10 00 00 00 04 00 00
00 00 00 00 00 00 a0 00 80 00 02 02 00 00 00 00 80 00 00 00 10 00 04 02 00 10 02 04 00 00 c0 02 00 00 00 00 04 04 80 20 08 04 00 00 04 00 00 00 00 06 00 00 22 00 80 00 00 00 22 84 00 00 00 80 00 04 80 80 04 02 04 00 20 00 20 80 20 00 00 00 02 0a 80 44 02 00 00 00 02 00 00 80 02 80 04 04 04 80 00 02
88 22 00 04 00 00 00 04 00 04 00 00 02 20 00 02 20 80 00 22 00 00 00 00 06 01 80 08 a0 08 00 04 04 00 22 00 88 00 02 00 02 00 04 22 88 00 00 20 01 00 02 00 80 20 80 01 46 00 80 02 00 04 44 04 80 04 80 22 04 40 44 64 44 04 80 01 00 00 44 00 00 0c 40 44 00 44 03 84 05 10 22 00 00 40 00 00 00 00 00 00
00 02 04 00 00 00 00 00 00 44 04 00 00 02 00 00 00 00 00 44 44 00 80 08 00 04 20 00 00 01 00 00 00 00 00 00 40 20 40 01 00 88 02 00 00 00 40 44 20 02 00 44 00 04 20 44 04 22 00 00 00 44 8a 06 00 02 02 00 44 00 02 44 00 04 22 08 00 00 44 00 00 00 00 44 45 00 00 00 02 80 02 00 04 46 44 44 04 00 00 04
44 44 00 40 22 00 44 40 02 04 04 44 44 04 40 44 00 00 00 00 02 00 00 00 08 00 05 00 00 00 00 00 04 00 00 40 44 44 40 04 00 50 40 08 44 44 04 44 04 00 50 0c 00 00 44 80 22 04 40 00 00 00 10 02 80 04 44 04 40 04 44 05 40 04 80 00 44 04 44 00 10 44 04 44 40 00 30 00 44 00 00 00 40 00 04 00 80 04 00 00
40 0a 00 00 40 04 00 00 00 40 00 00 40 00 00 00 00 00 40 00 04 44 00 21 00 20 44 44 00 00 40 44 00 00 44 44 64 00 20 80 04 00 02 04 44 04 05 00 00 00 00 00 00 00 46 40 02 04 44 01 22 80 00 00 02 80 44 44 8a 00 40 04 40 00 44 02 00 00 00 04 44 04 00 00 00 00 00 40 00 01 44 80 00 20 44 44 64 06 80 45
44 00 00 00 00 40 00 00 44 00 40 04 05 00 0a 00 00 04 00 00 40 00 00 00 04 01 02 04 05 00 00 00 44 04 00 12 00 44 04 44 04 00 04 20 04 04 04 00 80 00 00 00 00 00 40 40 00 00 80 00 c0 00 00 04 00 04 40 44 40 00 00 40 44 44 01 02 00 44 00 06 00 04 40 04 00 04 40 44 00 00 80 04 44 44 40 44 00 04 00 00
00 40 03 04 00 44 02 06 80 00 00 22 44 82 06 00 40 80 00 00 00 00 00 44 44 00 00 00 00 00 80 00 00 01 80 22 04 02 88 00 04 04 44 04 44 44 00 80 00 02 00 00 44 44 44 44 00 40 04 40 04 00 00 00 00 00 41 10 00 00 04 20 44 44 64 06 80 04 00 00 00 40 44 44 44 10 44 00 02 40 04 40 04 14 64 06 00 41 06 00
00 04 64 00 40 44 04 20 20 04 00 04 00 00 44 20 44 00 40 40 04 44 00 00 00 01 00 40 00 00 40 00 00 02 00 00 04 00 00 00 40 00 00 40 40 00 06 80 04 05 00 80 40 00 02 44 44 04 04 00 00 44 44 44 02 02 00 04 04 00 44 00 44 44 44 03 04 22 04 04 08 00 44 02 04 00 44 04 64 44 00 00 00 00 00 40 00 00 20 00
04 88 00 04 00 00 44 44 00 02 00 00 04 01 00 00 00 44 00 44 01 01 44 44 00 80 00 04 00 00 44 40 04 00 04 04 00 08 88 02 22 08 02 00 88 02 00 00 00 00 40 44 04 44 00 00 00 40 44 00 00 40 00 00 00 08 00 40 04 00 04 44 04 04 40 00 02 04 00 40 00 40 00 00 04 04 40 06 44 00 00 04 01 04 44 02 22 80 22 00
22 00 04 00 00 00 04 00 00 00 00 00 00 00 02 80 44 40 44 44 60 02 00 02 00 22 00 01 10 02 00 00 01 04 0a 04 44 04 04 80 00 00 00 00 00 44 02 44 80 40 44 00 03 02 04 04 44 00 44 02 02 00 00 00 00 00 04 02 80 02 80 06 01 00 00 00 06 00 00 00 01 40 04 00 20 44 44 00 04 44 04 00 44 40 44 44 04 00 00 00
04 40 44 04 45 02 00 00 00 00 08 02 44 44 44 88 00 00 80 00 00 00 02 44 02 04 40 02 44 00 01 02 22 06 06 00 04 00 00 04 00 00 04 04 00 00 00 44 40 04 21 44 04 04 44 44 44 44 44 00 44 00 44 44 44 44 00 00 04 40 40 44 04 00 40 44 04 00 00 00 00 08 00 00 04 00 04 80 80 20 00 02 02 04 00 00 02 00 44 44
00 00 00 03 44 04 44 00 46 04 00 00 00 00 00 04 44 44 64 06 02 02 01 04 02 00 22 04 00 80 00 00 00 01 00 60 04 00 44 00 44 00 01 22 46 05 04 00 00 02 00 06 00 44 02 00 44 04 05 00 40 01 01 42 0a 44 00 00 00 04 02 44 00 02 00 80 04 00 00 40 02 04 00 01 22 44 44 44 00 04 00 00 40 00 08 44 44 44 00 04
45 04 00 80 02 08 04 04 00 06 02 40 45 00 06 00 02 00 88 44 04 00 22 00 04 00 00 00 00 10 01 02 00 00 00 00 06 80 01 06 00 00 00 00 04 00 00 00 00 00 00 44 04 44 00 04 44 04 01 00 80 88 80 00 20 44 00 04 00 00 00 40 04 08 00 00 44 44 00 44 00 04 00 00 00 00 40 00 44 00 00 44 40 00 00 08 04 c0 04 80
00 02 00 44 04 00 00 44 80 04 04 00 44 04 80 80 00 00 80 00 80 00 00 44 00 04 00 04 40 00 00 06 00 44 00 00 04 00 44 44 00 80 44 00 00 44 40 00 08 22 80 22 44 04 00 00 06 00 00 00 40 00 40 04 00 40 00 00 00 00 00 44 60 a0 00 00 82 08 00 40 02 44 00 08 00 44 00 44 44 44 04 00 40 04 00 00 40 04 00 00
00 04 00 00 00 00 44 04 44 04 40 40 00 00 00 40 00 00 00 44 00 88 80 00 00 00 00 80 00 80 14 44 44 44 00 44 00 00 44 00 00 20 44 04 00 44 00 40 00 00 00 00 00 00 40 04 00 00 04 00 00 44 04 00 80 00 80 00 44 04 00 80 04 80 00 00 44 00 44 00 10 04 40 00 02 80 04 00 00 04 44 04 00 00 44 00 00 40 40 44
44 40 04 40 00 80 04 04 00 00 04 04 04 04 04 44 44 80 08 00 80 80 00 00 00 00 00 04 04 04 00 00 80 00 00 00 04 80 00 80 04 00 00 40 44 80 00 00 44 44 40 00 40 04 04 04 40 04 00 40 44 04 00 00 04 00 00 00 20 00 80 40 44 80 44 44 00 00 40 02 04 20 00 00 02 04 40 44 02 02 02 80 00 00 00 00 40 01 02 40
00 02 00 44 00 04 02 04 44 20 44 40 00 44 04 45 11 88 00 00 02 02 02 11 02 00 00 04 00 00 00 00 02 00 00 00 04 00 40 04 40 00 00 40 40 04 00 02 44 44 10 00 00 40 44 00 02 00 04 00 00 02 00 44 22 44 44 06 44 00 04 44 00 00 00 01 00 20 40 00 64 44 20 00 44 45 00 02 00 04 44 44 44 00 44 00 00 04 00 00
00 44 04 40 44 44 40 44 44 00 00 44 00 00 04 04 80 80 00 06 00 00 02 01 00 01 02 00 00 00 80 06 00 40 20 00 01 06 00 02 00 02 00 8a 06 01 06 00 40 00 00 02 02 44 04 00 40 00 04 02 02 40 00 44 04 00 80 06 80 00 08 00 00 02 06 00 80 00 00 44 40 04 00 00 02 04 00 02 44 20 00 10 00 02 04 00 00 22 00 80
00 02 00 44 44 45 00 40 04 00 00 00 00 00 00 44 44 02 20 00 00 44 20 80 00 4c 01 00 00 00 00 00 04 40 44 44 04 00 04 00 00 44 11 04 00 44 44 04 02 00 80 04 60 06 00 22 40 44 46 44 00 54 44 02 44 64 80 02 00 06 00 06 00 00 00 04 40 00 00 04 00 00 00 00 00 00 44 40 04 44 00 04 00 44 44 00 04 04 00 00
44 44 04 00 20 44 00 04 00 00 44 80 00 00 04 04 80 02 04 00 06 11 00 00 00 02 44 00 02 00 00 00 00 64 00 00 40 40 04 00 02 45 00 44 20 08 06 02 00 00 00 44 02 44 00 05 20 80 22 60 42 44 01 04 22 44 00 44 80 80 00 20 80 22 00 04 00 08 00 44 04 00 40 01 02 00 44 44 04 00 00 02 00 00 00 00 00 00 80 22
04 40 00 44 00 00 04 04 00 80 a0 80 00 00 8a 00 00 00 00 88 44 01 02 02 22 40 00 00 04 13 40 00 08 00 00 40 00 00 00 04 a0 00 40 44 44 00 00 08 00 00 00 08 40 40 01 44 64 40 20 04 00 08 00 20 8a 00 00 00 00 88 20 08 00 00 44 44 00 00 22 04 00 44 04 04 44 04 00 00 08 03 40 00 01 00 64 54 44 44 04 00
80 00 80 02 00 a0 04 02 02 44 00 00 00 00 00 00 20 40 22 04 00 00 80 05 20 00 01 40 44 44 44 04 04 40 cc 01 11 00 04 00 00 44 02 44 00 00 80 00 03 44 02 88 00 08 40 40 00 64 00 01 00 00 46 02 40 00 00 00 00 40 02 00 60 40 00 02 00 05 00 44 00 22 44 00 44 80 44 01 44 44 20 04 01 c8 08 02 40 06 04 04
00 46 10 44 00 08 44 64 06 44 44 44 00 05 00 40 04 00 44 00 04 11 04 44 44 00 00 00 00 00 00 44 00 08 00 00 00 00 00 08 12 40 40 80 24 80 22 05 84 00 00 80 00 04 00 00 00 80 01 00 04 8a 01 44 00 02 00 00 00 88 00 00 40 00 00 00 00 00 00 00 44 00 04 00 44 00 22 00 00 00 00 00 0a 00 44 00 c0 04 40 80
01 02 00 00 00 08 00 40 00 04 44 40 20 00 20 00 00 06 44 42 00 04 11 40 00 00 01 04 00 00 00 00 44 04 02 44 04 08 01 80 00 44 00 04 00 00 00 00 00 04 00 20 00 04 04 00 40 00 45 02 00 04 00 44 60 44 8a 04 00 00 44 00 44 00 80 01 00 11 02 44 08 00 00 44 08 02 00 01 04 01 00 44 00 40 04 04 01 22 40 00
00 00 40 00 00 00 00 00 50 00 00 00 00 00 00 00 00 00 00 44 40 04 04 00 80 00 00 44 04 00 80 82 00 00 00 00 44 40 04 00 44 44 08 00 42 44 00 00 23 00 40 40 44 44 00 02 00 00 44 00 00 44 00 44 40 01 04 40 44 40 44 00 00 00 00 04 00 04 00 01 04 00 00 04 40 01 00 80 a0 88 00 02 00 08 00 44 00 40 44 00
06 00 00 40 00 00 02 44 80 00 00 04 44 04 05 00 04 64 00 00 80 01 00 00 00 00 80 20 00 00 44 00 00 00 00 00 02 00 00 00 00 00 80 44 00 08 01 00 00 44 00 00 00 02 04 44 01 00 00 01 00 04 00 44 00 00 00 80 23 44 00 00 44 24 00 01 04 01 00 00 04 00 02 00 00 44 00 88 00 04 00 22 00 00 04 20 00 00 20 00
00 00 40 00 00 00 00 00 02 44 00 02 40 01 04 40 44 40 44 80 80 80 00 00 04 01 00 44 00 02 a0 02 00 02 42 44 00 02 00 80 00 00 44 00 08 00 44 02 00 44 06 20 00 01 04 00 00 44 88 44 04 00 02 00 44 00 24 00 00 00 02 00 00 00 00 00 00 04 00 22 04 01 40 02 00 01 44 00 02 00 00 00 00 00 00 44 00 00 04 01
04 64 02 01 80 04 00 00 04 44 44 64 44 00 44 01 04 80 64 00 00 20 40 00 20 00 00 00 00 20 42 00 00 00 06 60 44 00 00 00 00 00 80 64 08 80 64 00 00 00 00 44 00 00 08 00 40 00 00 00 88 02 00 04 04 00 22 00 04 01 00 00 44 00 13 04 04 01 44 04 00 00 04 00 44 00 22 00 01 40 00 00 00 00 00 00 00 00 00 00
44 00 04 00 40 40 80 00 00 04 00 04 01 44 04 00 00 00 00 04 00 00 00 00 00 08 02 20 20 02 84 44 00 00 00 00 00 00 44 44 00 40 00 44 00 05 40 44 40 44 04 04 00 00 00 00 00 00 00 04 00 00 00 04 00 00 40 00 00 40 00 00 00 22 04 00 22 00 00 04 01 44 00 00 00 00 40 04 40 80 04 44 44 00 40 40 04 20 04 40
00 02 00 00 20 00 04 24 00 00 04 44 00 00 04 00 00 00 00 00 00 00 00 44 00 00 01 00 00 00 44 64 00 80 00 00 00 00 44 40 44 00 00 80 80 00 40 00 00 80 22 02 0a 44 00 40 04 00 00 00 00 04 20 40 40 44 20 04 00 20 00 01 04 00 40 00 20 00 04 00 00 00 00 44 00 00 40 24 00 00 64 02 00 00 40 44 04 00 00 00
02 00 00 40 a0 00 04 20 00 00 00 00 44 00 02 20 02 04 04 44 00 46 00 00 00 00 00 08 00 40 20 00 01 02 00 20 80 00 08 02 00 00 00 00 00 00 02 00 00 00 00 40 00 00 00 44 00 00 40 00 44 00 40 40 00 80 80 00 00 00 44 00 40 00 40 00 00 00 09 00 24 00 44 00 00 04 01 00 40 00 02 08 00 44 03 00 00 00 00 04
00 44 44 04 00 00 44 04 00 00 00 00 00 44 06 44 04 00 03 44 40 02 04 00 00 04 00 04 01 40 00 22 04 00 44 20 00 00 01 20 41 00 40 00 40 44 00 00 01 00 00 08 20 44 00 00 40 00 04 00 00 00 00 44 04 00 04 40 00 00 02 00 00 00 00 00 00 00 40 00 02 04 00 02 04 01 00 00 11 00 64 40 00 44 40 00 40 10 04 20
00 02 00 44 80 00 42 80 00 00 04 00 44 04 44 00 00 00 00 00 00 01 00 01 04 00 00 00 00 00 44 44 04 04 00 00 00 20 03 00 00 00 80 01 00 44 00 02 40 00 22 44 04 80 06 20 80 00 00 00 04 00 00 00 00 00 00 00 01 00 00 84 00 80 44 00 00 04 00 00 44 04 00 02 04 22 00 44 00 00 00 22 00 44 00 44 00 04 02 00
00 00 22 00 c0 01 04 00 04 00 00 08 00 04 00 00 40 08 00 00 40 00 00 00 00 40 00 80 00 00 00 00 00 44 01 00 00 00 00 44 40 40 44 20 04 00 00 04 00 44 04 06 00 00 00 08 02 00 40 a0 04 40 00 00 00 02 00 00 08 00 01 00 04 20 00 80 44 04 00 02 04 44 20 00 88 00 44 00 00 01 04 44 00 00 02 00 00 44 24 04
02 44 00 00 22 00 00 00 00 01 22 00 00 00 00 00 02 04 00 44 20 00 04 00 04 44 00 00 00 00 00 40 00 44 00 00 40 44 00 44 01 04 00 88 00 00 80 00 01 40 44 06 44 00 00 00 80 44 00 00 00 08 01 22 44 00 20 44 06 40 00 02 00 01 40 00 40 00 40 00 00 00 00 40 04 00 04 20 08 40 80 24 00 00 00 02 00 00 00 00
00 44 00 02 14 20 04 01 00 40 00 04 80 00 00 00 00 04 00 44 00 00 00 00 00 00 00 00 44 04 40 04 04 0a 00 00 00 04 00 00 22 00 01 44 00 40 44 00 44 40 54 44 00 00 00 00 00 04 00 00 00 00 00 00 80 00 44 40 02 40 20 44 80 04 00 00 00 00 04 00 44 01 04 80 64 04 01 00 00 02 00 00 00 20 44 04 44 08 02 44
01 40 00 02 40 00 00 40 80 40 00 00 40 00 00 00 40 04 00 44 00 22 80 00 00 00 02 00 00 00 00 20 00 00 00 00 04 00 44 00 08 20 04 01 04 00 44 20 00 00 00 44 04 00 00 02 00 20 44 08 44 00 80 00 00 00 00 00 02 08 00 00 00 00 00 44 40 00 00 00 01 00 00 22 04 01 04 02 00 00 00 00 44 04 00 10 00 00 04 00
00 00 00 01 04 00 88 00 02 44 00 02 40 00 10 01 00 12 80 04 02 00 00 44 20 00 02 00 88 20 00 00 00 00 00 00 40 04 20 00 00 44 00 88 00 44 40 40 44 04 01 00 00 00 00 00 00 40 00 00 00 04 00 44 02 00 00 50 44 46 24 40 44 40 44 44 00 00 01 04 00 44 00 00 44 42 00 02 00 04 00 00 00 40 00 08 04 40 60 00
00 04 01 54 44 00 00 04 00 40 00 40 22 04 00 00 00 00 00 00 01 00 00 00 00 00 00 00 00 00 00 00 46 44 54 44 00 44 64 00 00 24 88 00 00 00 00 21 0a 00 04 01 44 10 44 00 00 00 06 00 00 82 40 00 44 00 00 40 00 00 64 00 00 04 01 44 00 02 00 00 00 00 40 04 00 44 06 04 00 00 00 00 40 40 80 04 00 00 03 00
00 00 00 00 04 01 44 00 02 00 00 00 40 42 c2 40 44 44 00 00 00 00 02 00 00 44 00 02 04 00 04 04 00 04 01 04 00 00 00 00 00 40 01 00 02 00 02 00 00 44 20 44 64 40 00 00 00 40 00 04 00 00 44 00 44 40 00 44 00 06 04 00 40 20 00 00 00 00 44 00 40 02 00 00 40 00 01 00 00 01 40 40 04 20 44 00 02 00 44 44
44 04 10 04 64 00 00 00 00 02 00 20 00 40 00 02 01 00 00 00 00 00 00 44 00 02 04 20 00 01 54 04 00 80 44 00 40 00 00 00 00 40 24 44 44 02 00 24 00 02 80 20 44 00 44 01 00 40 01 44 00 00 44 00 08 02 00 00 04 00 00 40 00 02 00 00 04 00 00 00 00 00 40 04 40 64 44 00 02 04 20 04 00 04 40 00 40 00 00 00
04 00 02 00 44 01 02 00 44 00 08 40 44 08 02 00 00 00 00 44 00 04 00 22 40 00 44 00 44 01 00 00 01 00 00 00 00 00 00 00 00 00 02 04 00 11 00 40 00 02 00 00 00 00 00 02 00 02 00 04 00 00 00 00 00 00 00 00 40 a0 00 00 00 00 00 c0 00 01 00 04 00 00 00 00 00 20 00 00 44 00 20 00 00 44 80 00 04 00 10 00
00 00 02 00 40 40 00 22 00 00 00 04 00 04 44 40 00 00 00 80 02 04 44 04 00 00 00 22 44 00 04 00 00 20 08 01 40 00 40 80 04 00 00 00 02 00 00 00 44 44 44 04 01 44 01 44 20 00 01 00 00 00 44 00 02 00 00 00 00 00 04 00 00 44 44 00 22 40 04 40 80 24 00 00 a0 00 40 54 00 44 00 40 04 04 02 00 0a 44 20 40
04 44 44 00 00 04 04 00 40 60 00 01 44 00 04 00 40 00 44 00 00 00 00 02 00 00 00 00 00 02 00 00 00 00 40 02 02 00 80 00 00 40 00 00 40 00 00 00 40 44 00 00 00 04 20 00 00 44 00 00 00 88 11 80 00 02 22 44 44 00 20 00 04 40 05 00 00 00 44 00 00 40 44 00 04 00 44 00 44 46 44 00 00 00 00 00 00 00 02 08
00 00 00 22 44 00 00 00 24 00 00 04 00 44 00 06 00 40 00 00 00 04 01 02 00 40 44 00 02 40 00 04 44 00 00 02 00 00 20 00 00 04 01 44 00 00 44 00 44 00 80 20 80 00 08 02 88 00 02 00 00 00 02 01 80 04 00 00 04 00 22 04 01 00 04 00 60 00 00 00 44 46 64 00 40 01 00 44 00 00 00 44 04 00 41 42 00 22 04 40
00 40 03 00 44 04 01 44 80 00 44 64 04 04 00 44 08 02 00 40 44 44 00 00 20 04 00 00 00 01 00 00 40 20 44 00 00 01 00 01 04 01 00 00 02 04 01 00 40 44 20 00 00 00 88 44 42 22 02 00 22 44 20 02 40 00 40 40 04 44 04 00 04 02 20 44 80 00 02 44 00 00 00 00 00 00 00 00 02 00 00 44 00 00 00 00 00 40 44 44
00 00 00 44 00 40 00 40 00 00 00 44 44 44 20 40 88 00 00 00 20 44 00 42 50 4c 04 44 40 06 00 00 80 00 80 00 04 01 00 40 00 04 00 40 44 00 40 00 44 00 04 00 00 00 02 00 00 80 00 00 00 00 00 00 00 01 40 00 04 20 08 02 04 01 44 00 02 80 00 02 00 02 02 00 44 02 00 22 04 11 44 00 08 00 00 00 00 00 22 00
00 00 06 44 00 44 44 08 00 00 00 00 00 00 00 00 02 00 00 00 00 00 00 40 00 00 00 40 04 00 00 00 00 44 01 00 00 02 44 00 44 00 00 00 04 01 44 00 00 02 00 01 44 a0 00 40 08 12 00 00 20 00 00 00 00 40 00 02 44 44 40 44 00 08 00 04 04 44 64 40 00 02 00 00 00 04 00 00 00 40 00 22 00 44 44 00 40 00 a0 00
00 04 04 02 00 45 10 01 00 00 20 00 00 00 40 44 44 00 02 00 06 04 04 00 04 02 44 00 02 40 01 04 00 00 00 22 00 01 00 22 06 64 08 40 80 00 02 00 00 10 00 00 00 40 40 20 88 20 00 00 40 00 00 10 00 01 10 40 01 44 80 06 02 00 04 00 02 00 44 04 60 22 04 44 00 44 00 80 10 04 00 80 20 00 40 40 00 00 04 00
00 00 40 00 00 00 00 22 00 00 00 02 00 00 00 40 40 00 00 00 00 46 40 01 00 00 40 00 80 20 00 00 00 64 02 00 00 01 54 01 02 00 44 02 44 44 42 44 00 44 44 00 00 00 00 00 44 00 40 00 40 00 00 00 00 44 44 00 01 00 01 00 00 02 00 00 00 02 03 40 00 00 02 44 02 04 00 80 00 40 04 04 00 20 88 02 00 04 00 44
04 00 44 00 00 02 00 00 44 22 04 44 20 08 00 20 02 a0 00 01 00 00 00 80 64 00 00 00 00 04 00 44 00 44 01 02 00 01 00 00 02 00 02 44 44 00 00 22 00 02 44 00 01 40 40 80 01 00 00 00 00 44 00 00 40 00 44 00 22 00 02 00 00 50 20 40 44 00 44 44 02 02 06 44 40 60 04 02 02 44 40 00 00 00 00 00 44 44 06 00
80 80 00 00 00 00 00 00 00 00 02 40 00 00 00 40 64 40 44 44 00 00 04 01 00 00 00 00 02 05 40 04 40 44 44 04 00 02 00 02 01 04 00 20 00 04 80 01 88 01 00 00 04 44 40 00 40 00 48 01 00 00 04 00 40 80 44 00 00 64 00 00 00 00 00 00 00 00 00 a0 80 00 04 64 40 40 01 00 00 00 00 02 44 00 40 08 22 04 04 04
00 40 00 02 02 00 00 44 04 0c 20 40 44 44 00 00 00 02 44 20 44 00 08 00 00 00 00 04 00 00 00 80 80 20 00 40 00 02 00 00 00 00 00 00 00 22 04 80 01 00 01 80 00 00 00 00 04 00 00 00 04 01 44 08 01 04 01 44 44 04 02 02 44 22 40 00 00 00 00 00 20 01 00 44 00 00 44 44 00 44 44 64 44 44 00 40 00 00 00 00
00 00 00 02 00 00 00 00 00 04 24 00 00 00 54 44 40 00 00 40 20 00 20 00 01 00 02 04 00 00 01 00 04 11 04 00 02 00 40 00 00 24 00 40 40 00 00 02 44 04 01 00 00 40 46 01 44 12 00 00 00 40 80 01 00 44 44 44 00 02 00 00 00 00 22 00 40 00 04 01 20 44 04 04 00 02 00 00 00 00 00 00 00 00 00 44 00 40 80 04
44 00 02 02 02 00 00 00 04 20 02 22 88 02 80 00 80 00 04 00 44 00 00 00 02 44 00 00 10 00 04 04 00 00 44 02 02 00 02 00 00 00 40 02 00 40 44 00 00 80 00 00 20 00 00 44 00 00 00 00 03 00 04 40 04 04 00 00 40 01 00 02 c4 11 40 02 46 44 40 02 46 00 22 04 44 00 44 40 40 00 00 00 04 00 40 00 00 00 00 00
02 00 00 02 00 00 00 46 00 04 00 82 00 00 00 01 06 60 44 44 40 00 10 00 44 04 40 00 44 00 00 02 00 44 00 00 44 00 44 46 00 40 44 44 00 01 80 04 40 40 02 00 40 44 00 00 00 00 00 00 44 00 00 04 01 02 00 00 02 00 00 00 03 44 00 00 04 00 a0 00 00 00 00 00 00 44 00 00 46 00 06 44 04 00 00 04 02 00 44 06
0c 23 42 00 80 00 00 04 00 00 44 00 04 00 00 00 04 00 04 01 80 02 40 00 00 08 00 00 00 02 00 00 00 00 04 40 82 04 00 00 00 00 44 12 00 04 00 04 00 22 00 11 44 12 00 64 44 00 00 80 00 02 00 00 82 01 40 41 40 12 04 00 00 0a 40 08 00 00 00 00 00 00 12 00 00 00 00 00 46 04 64 64 44 40 00 00 02 00 00 00
00 40 44 02 22 08 00 00 08 00 00 00 80 22 00 10 12 00 44 40 00 44 44 44 04 00 04 00 00 02 80 00 a0 02 48 22 40 04 04 05 00 04 24 46 40 44 04 20 00 01 00 01 40 00 88 80 00 80 00 44 00 02 00 02 00 00 00 40 20 02 40 00 00 01 44 44 00 00 00 00 40 44 00 00 00 80 04 22 01 80 00 40 00 02 02 00 00 40 40 02
40 02 02 00 00 00 00 00 22 00 40 11 00 40 20 40 01 00 00 40 80 05 40 40 00 80 00 00 00 00 02 00 00 02 00 44 00 02 20 00 00 00 00 01 10 10 00 00 00 44 00 06 24 00 44 44 00 01 05 00 02 00 00 02 64 40 20 00 44 04 22 44 04 00 00 00 10 00 02 00 00 00 04 00 00 00 01 22 04 00 00 10 00 00 00 00 02 00 00 02
40 00 04 22 04 00 40 44 60 44 04 44 00 01 40 00 00 44 04 01 00 a0 00 00 00 04 02 02 00 00 88 44 08 12 00 00 08 40 00 00 00 44 00 00 01 00 44 12 00 00 00 00 04 44 00 02 04 00 40 00 00 02 00 00 00 00 22 00 00 13 00 00 44 00 22 00 44 40 44 00 00 04 04 04 02 04 20 44 00 04 44 00 02 00 44 04 0a 00 44 04
00 02 44 60 42 00 00 02 00 01 44 02 00 60 08 00 00 00 44 44 04 44 04 44 00 02 00 00 00 00 04 40 00 02 00 00 00 00 10 80 00 03 00 20 40 00 40 00 00 44 44 00 04 00 00 02 00 42 88 08 20 04 24 06 44 00 02 00 00 01 80 44 28 00 02 04 00 20 00 00 88 00 20 80 00 00 00 00 02 00 02 06 00 01 01 04 20 44 40 40
44 04 40 04 44 00 00 44 00 01 04 00 08 00 00 01 00 00 02 00 20 44 40 00 00 00 00 00 80 00 00 00 06 88 02 00 00 22 04 02 80 00 44 00 06 64 00 44 44 04 00 02 02 00 04 80 00 00 02 00 40 04 00 00 44 40 80 00 00 00 80 00 40 10 00 05 00 00 46 00 02 00 80 04 24 00 40 04 04 20 00 00 00 22 00 54 01 00 44 00
08 20 40 40 44 64 04 10 00 00 10 01 02 02 02 00 00 40 00 00 00 22 80 40 01 00 04 00 14 04 00 00 05 44 00 00 00 00 00 00 00 04 44 00 02 00 20 40 04 44 40 88 02 00 02 00 00 02 04 44 02 04 10 44 00 01 44 00 00 00 04 00 00 00 80 44 00 02 00 00 00 00 22 00 00 02 02 00 00 00 00 00 00 00 00 00 00 04 00 40
40 40 00 02 01 04 00 02 02 00 00 02 89 00 44 44 00 20 44 44 44 00 00 00 00 01 10 00 80 44 00 10 00 44 44 02 44 00 00 00 04 00 02 00 00 02 00 00 44 04 00 44 00 02 00 00 00 50 44 11 00 05 00 04 04 40 00 04 11 04 00 00 00 24 44 00 00 00 00 02 04 04 12 80 80 00 00 02 00 02 00 01 00 10 a8 01 00 00 04 00
24 00 02 44 60 04 00 40 00 00 00 00 02 00 00 02 04 00 00 02 40 10 a0 00 00 00 00 00 01 00 00 00 22 44 01 44 04 00 00 00 20 04 00 02 00 44 01 40 02 00 04 22 40 02 40 05 00 00 48 00 44 44 04 00 20 88 00 40 00 04 00 00 02 00 22 00 02 00 02 00 00 20 00 40 24 40 02 40 44 00 50 45 00 00 01 44 64 02 00 00
01 00 00 44 00 80 00 02 02 00 42 00 00 20 00 00 00 46 44 00 04 00 04 00 00 00 00 64 44 12 00 00 00 00 10 00 08 00 44 00 00 00 02 00 00 00 40 08 40 00 00 00 10 00 00 02 11 00 40 40 40 44 45 00 40 05 00 01 40 00 08 02 02 00 00 00 44 44 00 40 01 00 00 40 00 13 00 00 01 22 44 01 64 44 04 00 00 00 11 00
00 02 04 00 44 40 40 00 02 00 00 00 00 02 00 24 02 04 40 44 44 44 44 40 08 08 00 00 04 44 12 13 40 40 44 04 00 04 20 00 8a 00 00 84 04 06 10 00 00 00 00 84 64 44 20 04 80 80 80 00 01 40 00 00 44 02 04 64 00 04 10 00 00 00 02 00 00 02 00 00 04 00 80 00 01 02 40 00 00 24 00 00 00 00 64 00 01 14 44 44
04 04 04 00 00 02 00 00 8c 24 20 40 24 00 44 44 02 40 00 00 00 00 00 06 80 00 10 02 10 80 00 44 44 00 40 44 00 00 02 02 00 00 00 00 00 22 00 00 10 84 00 00 44 00 00 00 04 40 04 01 02 00 02 00 00 00 02 00 00 04 00 00 00 88 00 26 04 20 44 44 00 05 46 00 40 00 06 00 00 01 00 00 04 11 00 40 01 22 04 80
40 44 40 44 00 02 02 00 02 04 00 08 02 00 12 04 44 00 00 00 00 00 80 02 10 44 00 00 40 00 00 00 40 40 00 00 00 02 64 02 04 00 04 40 00 00 01 22 00 22 00 00 00 00 02 04 12 40 04 00 01 22 00 c0 44 80 40 00 44 00 00 02 00 02 00 00 04 00 40 04 00 00 00 80 00 00 00 04 00 00 00 80 00 00 00 06 00 00 44 a0
00 02 00 00 00 60 44 00 42 44 44 20 00 04 00 02 20 00 40 00 00 00 54 00 44 04 01 20 00 44 04 04 06 00 10 08 00 02 00 02 00 00 00 00 00 01 00 04 20 00 00 44 14 00 88 00 80 10 00 44 02 01 00 00 00 00 00 00 00 02 40 44 44 02 08 44 00 04 80 00 02 00 80 20 00 10 00 44 44 04 00 02 40 01 44 00 00 45 00 02
00 00 00 00 00 00 00 40 44 40 40 60 46 00 00 44 44 40 88 88 04 00 04 00 45 00 44 44 04 00 00 00 00 00 02 00 40 60 44 00 00 00 40 01 02 00 44 00 14 44 44 64 00 01 00 64 06 00 01 40 00 80 60 00 80 44 00 00 02 00 00 00 02 46 04 00 11 00 00 01 00 00 40 00 08 00 40 04 02 04 00 00 01 08 44 44 44 12 00 02
02 00 40 04 40 04 08 80 22 00 22 00 00 04 80 10 12 00 44 00 20 00 44 46 44 44 00 80 08 00 04 20 04 02 00 00 02 00 00 20 44 02 02 82 00 02 00 00 00 04 40 20 80 00 11 00 00 64 04 00 05 40 44 00 00 00 00 02 44 40 04 0a 12 04 40 44 44 40 04 c0 44 64 44 00 00 04 88 80 04 88 00 80 00 00 40 80 40 40 02 00
00 00 00 04 00 00 00 13 00 05 00 45 00 44 40 02 40 04 44 00 00 12 00 28 88 88 10 00 00 00 00 02 0c 04 04 00 44 00 11 00 44 08 80 44 00 00 24 00 40 24 00 11 00 01 00 10 80 64 00 10 00 44 10 02 02 00 00 00 00 00 00 00 02 c0 02 00 04 08 00 00 00 01 00 20 02 11 88 20 00 00 03 40 40 00 40 04 00 00 02 00
40 60 44 04 40 03 04 00 22 44 04 60 00 40 88 00 40 00 44 02 44 40 10 84 44 22 44 80 00 44 00 00 02 00 00 00 00 00 00 00 40 0c 08 02 44 00 40 44 44 04 02 00 00 81 00 00 24 00 90 00 44 00 02 02 00 00 44 04 80 00 40 20 44 00 44 04 00 44 64 54 44 22 44 00 02 44 11 00 44 00 44 04 44 a0 01 00 00 02 00 00
02 04 00 00 00 00 00 00 00 40 02 00 44 44 44 40 04 44 00 44 45 04 44 00 00 11 02 02 00 23 44 a0 00 02 04 88 00 02 02 20 00 80 00 00 00 02 40 22 04 04 00 00 04 00 00 04 00 04 04 00 00 00 02 00 02 00 44 00 02 40 44 44 01 00 88 00 44 80 00 00 80 04 20 00 40 08 00 0a 40 00 00 00 00 40 02 08 0e 04 44 00
44 02 00 48 44 40 04 40 44 04 00 44 02 00 44 00 20 80 00 00 00 04 00 02 00 02 00 02 02 40 04 00 22 08 00 00 00 04 a0 00 22 80 54 44 44 44 04 80 00 04 44 04 44 05 40 00 00 00 00 04 40 00 50 41 04 00 44 00 01 40 02 00 80 40 40 14 40 40 44 00 00 06 00 40 80 04 00 44 00 44 02 00 00 02 04 00 00 00 80 00
00 00 00 00 00 04 80 00 04 04 01 44 00 40 02 00 10 44 64 00 00 02 00 00 0c 14 42 20 80 40 00 00 00 02 00 11 44 c4 00 44 00 00 00 88 80 46 02 00 02 00 44 02 01 00 01 00 00 02 02 22 42 04 40 02 40 00 04 44 10 44 06 00 00 44 04 44 22 44 12 00 00 00 01 00 00 00 02 02 12 04 01 00 02 00 02 80 60 02 40 44
40 00 82 00 12 08 64 02 00 64 04 00 00 22 00 00 41 00 04 00 00 00 00 00 44 20 20 88 02 02 00 00 20 00 00 05 00 20 00 00 00 00 44 44 50 44 40 00 01 00 44 00 00 00 00 40 00 00 00 01 50 04 46 60 00 00 00 44 14 08 12 40 20 00 02 00 44 64 46 a0 20 08 02 40 02 00 00 02 00 00 00 00 04 02 00 22 00 00 80 04
00 02 04 40 00 02 00 00 00 04 12 00 64 02 00 08 22 04 02 00 00 a0 01 24 00 02 44 04 02 00 01 00 08 00 0c 44 04 8a 44 01 44 08 42 00 44 44 44 46 44 06 80 00 02 02 00 04 00 00 01 04 02 01 50 00 00 44 20 44 24 04 00 22 00 00 08 80 20 80 00 04 04 00 02 00 42 60 04 04 44 04 08 40 02 04 08 00 00 00 00 44
44 00 44 00 02 00 00 00 40 40 01 40 44 20 02 02 00 00 00 40 00 40 60 44 00 00 04 45 00 08 80 00 00 20 02 00 02 00 02 00 02 44 02 00 20 00 00 00 00 00 51 44 00 42 24 40 04 40 03 44 00 04 01 00 00 00 20 00 64 44 00 00 22 00 80 02 00 00 04 00 02 00 00 00 00 00 02 00 20 00 40 40 10 08 10 80 40 44 40 44
46 00 04 00 44 00 04 44 04 00 00 00 24 02 02 42 20 50 00 10 11 00 04 01 01 00 44 44 00 08 01 40 45 00 06 20 00 00 02 40 04 00 02 40 20 00 00 00 00 00 00 44 00 00 00 80 82 02 88 80 00 01 04 02 00 64 44 08 10 04 4c 10 20 00 00 02 02 8a 00 02 20 04 00 11 44 00 10 00 00 04 02 44 64 00 04 08 04 90 00 00
00 40 00 44 44 00 00 00 02 02 00 00 00 00 08 00 00 00 02 08 00 44 44 88 10 00 44 04 44 00 00 40 04 00 00 44 00 00 04 00 00 02 00 44 04 02 48 41 44 44 46 08 00 60 00 00 40 00 00 45 46 60 46 44 44 88 40 04 00 00 00 44 00 00 02 00 02 44 00 20 00 00 00 00 00 00 00 00 00 64 46 44 04 40 00 00 01 00 00 00
04 44 20 02 00 00 20 44 01 50 04 04 44 44 82 40 20 44 00 02 04 00 0a 00 00 10 00 20 84 11 44 00 44 82 44 44 02 00 00 00 00 02 00 02 40 02 02 44 00 08 00 00 44 44 44 04 00 02 40 24 44 00 00 00 00 00 00 00 00 04 00 00 00 00 00 80 02 00 00 02 62 00 04 40 44 00 00 04 00 00 00 00 40 00 04 00 02 08 80 04
40 04 8a c0 00 00 00 00 00 00 00 04 00 00 00 00 45 10 40 44 00 00 44 88 12 22 44 64 40 05 42 00 04 00 00 05 00 64 02 00 00 11 24 44 00 02 44 4c 40 00 40 00 00 00 02 40 00 04 04 04 02 80 00 00 05 00 a0 04 05 00 08 04 00 02 00 02 00 00 04 00 01 02 14 00 00 00 00 04 88 00 04 01 00 02 00 22 00 11 02 00
00 01 00 40 00 4c 01 00 00 10 05 00 02 02 44 04 02 00 00 40 44 02 00 44 02 00 c0 44 44 00 00 22 80 80 00 00 08 00 00 00 00 00 02 00 00 00 02 04 44 01 00 00 00 00 04 02 01 04 00 10 00 40 00 01 00 02 00 44 04 00 00 00 00 02 60 40 00 04 02 00 08 02 00 00 01 22 04 40 00 44 44 04 01 02 00 40 44 00 00 60
00 44 02 44 00 00 00 00 00 00 00 00 01 00 00 02 08 02 12 40 80 08 00 04 44 00 00 02 05 20 00 00 08 00 00 13 10 02 00 00 40 03 44 20 40 44 00 04 22 44 00 00 04 00 00 05 80 00 02 10 80 02 10 00 04 04 00 05 11 00 00 00 02 00 02 00 00 00 00 00 20 44 00 40 20 44 00 04 11 04 01 44 05 02 12 00 00 08 80 00
01 00 40 02 02 00 06 01 24 40 40 44 00 00 44 64 46 41 00 40 02 00 01 04 04 02 00 10 a0 00 00 40 40 44 02 22 00 00 00 02 00 00 00 00 02 00 00 00 00 00 00 02 00 04 00 00 44 44 02 00 14 00 00 44 64 44 20 88 20 00 02 00 00 48 00 00 00 0a 44 11 00 00 44 44 00 60 00 04 20 00 20 40 00 00 22 00 00 44 02 06
00 88 00 02 02 00 00 00 00 00 02 44 24 46 44 04 00 04 60 04 44 44 00 00 08 00 00 00 40 00 80 11 02 04 00 00 02 80 22 88 42 04 44 44 40 44 44 02 40 02 44 00 02 00 00 00 00 05 44 44 06 00 0a 11 00 00 46 00 02 02 00 00 02 40 02 00 00 50 00 02 40 00 40 44 02 44 40 44 14 04 40 44 00 04 02 02 10 02 00 10
00 00 80 10 04 20 40 08 22 00 80 22 00 44 00 00 00 00 04 44 54 48 00 02 00 40 44 00 02 20 00 00 00 02 02 00 02 00 00 00 03 46 64 00 40 13 02 40 04 00 80 10 00 12 04 01 44 80 44 00 40 00 40 00 00 01 02 02 00 40 04 00 01 0a 44 00 24 44 01 00 00 40 00 01 44 00 80 02 04 04 00 90 10 80 80 20 88 04 06 02
02 00 00 02 02 40 44 04 46 64 44 44 40 80 00 40 44 44 44 44 10 00 00 08 00 80 44 44 44 04 00 02 00 00 50 44 42 20 88 42 04 00 02 00 80 00 00 40 00 00 20 40 80 04 02 40 11 00 00 13 04 45 10 46 44 00 02 00 00 00 00 02 04 00 00 00 00 06 80 20 00 44 00 02 00 00 80 02 00 02 50 04 00 00 00 00 44 11 00 02
00 00 00 44 40 64 42 04 c8 00 04 40 04 00 00 00 00 40 04 00 04 90 02 80 20 00 02 10 44 44 04 00 00 02 00 00 00 00 04 80 02 44 40 00 02 00 44 44 44 04 00 00 40 20 00 00 00 00 00 04 80 22 00 00 00 00 00 00 80 04 50 24 10 40 00 08 11 08 00 08 04 24 00 40 02 00 00 44 00 00 00 40 44 45 22 40 44 44 00 02
00 00 00 00 22 00 02 06 02 02 05 40 00 00 00 00 06 00 01 22 05 04 00 01 22 00 00 10 20 02 00 00 46 60 40 44 00 44 00 40 20 00 02 00 00 00 02 88 02 04 00 00 44 02 54 40 40 00 03 04 40 10 00 02 02 00 00 00 00 05 46 02 04 00 00 44 04 44 44 20 48 00 44 00 00 80 a0 00 04 00 20 40 04 02 00 00 44 40 8a 02
00 00 00 22 00 40 00 80 02 00 20 08 00 02 02 08 00 02 00 60 44 44 50 44 00 00 04 00 00 00 02 02 00 00 40 00 40 00 01 00 40 00 00 00 04 00 22 00 10 20 12 40 40 01 22 00 02 00 a4 00 02 02 cc 02 08 00 44 00 44 00 00 01 00 80 a0 04 00 00 00 00 04 00 02 04 80 08 00 00 00 44 00 00 00 02 00 02 02 44 04 00
00 01 40 00 01 44 00 00 88 c0 04 00 20 00 00 00 02 20 02 02 00 44 00 02 00 02 40 02 00 00 01 22 44 02 02 44 04 04 00 00 00 80 00 00 02 10 04 02 00 40 40 40 00 05 00 00 00 00 00 00 00 00 00 00 02 00 44 20 00 00 00 44 00 00 44 00 10 00 20 88 00 00 44 00 40 44 00 00 00 00 02 64 40 24 02 44 00 02 00 00
00 45 00 40 00 00 13 02 04 11 40 05 00 00 02 02 00 06 02 04 00 00 00 02 00 00 04 00 00 02 00 00 45 00 02 00 24 80 00 44 00 64 44 80 04 44 00 80 00 44 12 00 00 02 00 00 00 88 04 20 a0 80 00 44 20 00 00 00 00 10 02 44 08 10 10 00 88 01 84 80 02 04 11 00 a0 80 20 00 00 00 00 00 02 40 00 02 00 00 11 10
00 00 14 20 40 04 44 05 04 44 88 00 44 00 00 08 11 02 02 02 00 00 88 84 22 24 00 00 00 00 04 00 00 12 40 11 00 00 11 02 00 00 04 44 00 45 54 40 10 40 44 0c 00 00 02 00 02 80 44 04 02 06 01 02 00 44 04 04 03 00 00 00 02 00 40 10 20 04 64 00 00 00 01 02 02 00 00 44 00 08 00 44 13 00 02 00 00 44 44 04
44 00 44 01 00 20 00 10 44 44 44 46 64 44 44 00 20 02 00 02 00 02 00 42 02 00 10 42 01 00 80 02 44 04 00 04 04 40 02 00 08 00 80 10 00 82 01 00 00 00 60 40 02 04 80 40 00 12 14 00 00 42 60 00 00 00 02 44 04 44 64 44 00 00 04 00 00 00 04 00 04 00 00 02 00 00 00 02 22 00 00 22 00 40 44 00 02 00 05 44
01 04 00 04 00 44 44 00 00 04 00 40 44 00 02 02 00 64 00 02 00 a0 80 00 22 20 44 00 00 40 08 10 00 00 00 00 40 40 40 44 60 04 20 40 40 04 05 02 02 00 02 20 00 00 02 20 00 00 00 40 01 54 02 02 44 88 82 00 01 46 20 00 20 00 22 44 44 00 02 00 00 04 42 08 00 04 00 00 03 44 00 00 00 08 05 02 54 00 00 00
00 04 00 44 00 02 02 00 00 00 00 01 02 00 00 00 00 00 00 44 01 00 00 22 04 02 01 02 06 44 04 00 40 00 00 10 10 00 24 44 00 00 00 00 00 11 00 02 02 00 12 06 20 44 04 44 04 00 00 44 12 00 01 80 00 00 04 00 00 20 04 44 44 08 44 40 44 44 06 a8 00 02 00 00 00 00 00 00 60 00 44 10 60 44 44 01 00 04 08 02
11 00 40 00 00 44 40 10 04 06 00 01 00 02 00 44 20 44 20 44 00 20 02 00 00 22 00 02 14 44 04 00 01 02 44 00 80 14 a0 80 00 a0 00 80 22 00 02 00 00 00 00 00 02 00 40 00 00 02 00 04 42 20 02 40 00 88 22 80 10 04 45 44 04 40 88 22 c0 44 88 11 22 00 00 00 00 40 24 00 00 00 00 04 88 00 00 00 20 00 11 00
04 00 00 00 00 00 00 44 00 00 20 00 80 00 00 88 02 02 00 00 00 40 64 44 08 01 00 00 80 40 10 82 10 40 20 08 02 00 00 00 02 01 00 00 22 40 00 00 02 02 00 00 00 02 04 02 40 44 00 00 01 10 00 00 02 00 00 40 44 00 20 00 02 80 00 00 02 44 45 04 02 00 02 00 00 00 00 20 00 02 40 20 44 00 44 00 10 00 00 01
00 64 44 a0 00 50 4c 22 44 20 80 80 00 24 00 00 a0 04 02 04 20 04 00 40 04 04 44 00 80 00 40 44 40 40 44 44 00 00 02 00 00 00 00 20 00 00 04 00 00 02 00 00 02 00 00 00 00 02 03 14 20 00 00 00 00 04 02 04 00 08 44 04 01 44 00 02 11 00 00 02 40 22 00 03 40 02 40 00 00 02 04 00 04 00 02 04 41 02 00 12
80 24 00 10 00 40 04 00 44 44 00 08 00 00 02 00 00 02 00 44 40 44 00 10 44 44 00 40 40 00 40 01 22 44 04 40 45 00 04 04 00 40 00 00 00 00 02 80 24 40 04 00 00 00 02 04 00 02 00 45 44 64 00 00 45 44 00 00 44 64 44 40 44 04 44 64 44 00 00 00 00 02 02 18 42 00 00 08 00 00 00 14 20 00 20 00 00 04 00 00
80 00 00 00 04 00 00 00 00 02 40 24 22 04 04 44 02 00 c4 44 40 44 44 80 02 00 00 04 00 00 82 44 00 00 44 00 00 44 44 54 00 02 02 00 00 00 02 00 40 02 12 10 00 44 00 00 44 40 00 00 82 00 01 06 10 00 24 80 05 44 00 46 02 00 a0 06 40 00 84 44 00 44 03 08 00 40 08 00 45 40 00 40 00 84 44 12 44 88 00 00
80 82 10 02 00 00 00 00 00 02 02 00 00 02 00 20 40 50 01 06 00 00 64 40 00 00 00 04 44 00 00 44 44 44 04 00 04 00 00 00 12 00 02 40 64 46 44 c8 02 88 88 02 00 00 44 a0 88 00 00 02 82 10 a0 00 04 13 40 02 04 02 00 00 00 02 00 02 02 00 00 12 00 00 00 22 00 08 01 44 00 80 02 12 44 00 22 88 00 00 44 04
64 06 00 20 00 02 02 80 08 00 02 44 44 04 22 00 02 02 45 02 01 44 00 00 04 44 44 04 84 00 01 80 22 80 02 00 04 00 00 00 00 00 06 00 00 00 00 00 10 44 00 02 00 01 46 44 10 80 04 88 11 22 00 02 40 00 04 04 44 64 00 02 00 00 46 26 24 04 80 10 00 11 00 00 04 00 00 00 00 04 00 00 44 02 04 00 20 00 40 00
00 44 02 04 00 00 02 00 00 02 00 00 00 80 40 64 44 01 02 06 11 04 00 44 40 40 40 44 44 20 54 44 00 04 44 04 00 00 00 00 00 20 04 00 0a 00 c0 44 04 08 10 44 41 01 00 0c 11 02 08 44 01 00 10 44 48 11 40 00 00 00 22 00 00 02 00 44 00 00 00 00 00 00 00 00 04 00 10 04 40 40 04 00 00 02 11 44 04 44 04 00
80 10 00 02 00 00 00 44 00 22 00 00 44 00 40 02 44 20 00 00 44 00 00 00 00 01 04 12 40 00 11 00 45 45 54 60 00 02 00 00 02 40 00 40 00 00 80 00 00 80 00 02 00 04 00 00 08 14 24 44 00 22 04 44 44 20 08 00 02 02 02 00 42 10 44 48 00 00 00 40 22 44 44 06 02 46 44 04 88 20 10 00 04 00 44 11 44 20 00 02
00 04 02 00 00 00 00 00 02 00 40 01 40 44 40 40 02 08 04 40 00 04 00 44 00 14 08 00 00 01 c8 02 01 02 04 00 00 00 02 42 20 40 20 20 44 00 00 00 02 00 44 20 00 04 42 40 44 12 00 06 80 44 00 04 00 02 00 02 02 02 00 00 00 02 40 40 00 10 00 00 22 40 54 20 80 00 01 10 00 04 00 00 04 44 08 08 40 11 40 00
00 00 00 44 00 c0 22 40 04 04 40 01 00 00 00 80 82 00 00 00 00 00 40 44 00 00 40 48 40 00 00 00 00 46 00 00 00 00 00 40 44 40 22 00 00 01 00 04 00 40 44 02 44 80 24 40 00 40 06 20 40 11 00 44 00 02 02 02 00 00 42 44 4c 01 02 00 04 20 00 00 44 44 02 00 44 04 06 44 00 02 40 02 00 44 01 00 44 02 90 04
00 00 00 00 00 00 02 44 00 40 64 44 a0 00 02 00 02 01 00 44 00 44 44 00 54 00 11 00 44 01 00 00 40 02 00 00 46 20 40 00 11 04 20 02 01 22 00 00 00 00 44 00 00 01 11 40 40 40 45 54 45 00 00 40 00 02 02 02 00 00 00 00 00 00 44 01 02 40 00 00 44 00 88 00 00 00 40 04 00 00 02 01 00 00 01 0a 40 00 00 02
00 00 40 44 40 44 a0 04 00 00 00 00 44 05 04 05 06 80 04 42 40 44 44 82 80 00 80 00 02 00 02 00 00 00 00 02 00 00 00 00 40 40 04 44 08 60 46 44 44 44 04 44 04 04 02 00 00 00 02 01 11 54 00 80 02 02 00 00 44 0c 00 00 00 00 88 22 80 06 00 11 06 02 04 40 00 08 00 14 00 02 44 20 40 80 00 00 12 84 00 00
00 00 00 00 02 00 44 04 02 40 00 02 00 44 00 05 40 02 80 44 04 44 04 00 46 00 00 44 44 04 00 04 02 00 00 80 03 40 0a 00 00 04 03 04 03 00 40 46 44 04 44 46 00 05 02 04 00 02 00 22 00 14 64 80 14 24 00 00 02 00 00 02 02 00 40 44 02 02 20 08 00 80 01 00 00 00 02 44 60 44 02 00 46 04 00 90 90 00 00 00
02 00 00 80 03 04 20 00 00 40 00 88 02 04 80 08 46 44 40 44 00 0a 44 60 04 10 40 00 04 64 44 44 04 04 02 02 00 00 00 02 02 00 00 22 00 00 02 01 00 00 40 40 00 00 12 02 00 00 02 01 04 03 44 44 40 88 00 00 00 00 40 00 40 20 00 40 44 44 00 04 40 00 00 80 80 80 00 01 00 01 04 10 40 00 00 04 04 00 44 44
00 00 02 00 00 02 00 00 00 00 04 44 05 06 10 00 00 00 04 44 00 24 80 80 80 00 08 44 04 00 88 02 02 02 22 00 54 02 00 02 04 64 40 01 44 02 02 80 00 c4 00 00 08 46 20 40 10 00 03 00 44 44 00 88 00 02 02 00 02 00 02 04 22 00 20 00 02 00 54 64 80 44 04 08 00 08 00 02 00 40 44 02 44 02 44 00 00 00 00 20
40 44 02 00 00 50 40 04 00 02 01 02 00 00 02 02 00 00 00 44 00 08 10 54 00 00 00 04 00 03 44 00 02 00 02 00 02 42 00 05 00 11 44 40 44 00 00 22 00 00 44 02 05 50 00 82 04 88 00 40 44 00 02 02 00 a8 04 40 00 13 44 44 00 08 14 08 54 44 40 00 00 44 04 02 20 44 00 00 10 80 00 06 80 00 00 02 00 02 02 00
00 00 02 00 02 00 40 01 40 44 54 00 40 44 00 00 00 02 00 11 22 44 02 46 00 40 02 04 02 02 00 01 44 04 08 02 88 88 02 00 02 00 00 00 08 10 02 40 00 00 44 11 00 40 00 44 01 04 40 02 06 00 04 00 00 02 00 00 00 00 00 02 04 80 02 00 01 02 02 00 02 0a 10 00 00 00 44 02 80 00 00 05 06 80 00 00 02 00 00 66
00 00 00 02 40 44 00 01 02 40 11 44 40 44 00 00 10 02 04 00 00 00 80 04 05 22 12 40 00 00 02 02 00 02 00 00 01 44 20 44 44 00 40 04 11 40 00 00 10 00 4c 00 00 06 80 00 00 44 00 02 00 02 40 44 44 20 00 44 00 00 00 44 00 41 00 80 04 00 00 04 00 00 00 00 80 22 44 00 02 20 04 44 00 02 02 00 00 00 02 00
00 00 00 00 02 20 00 20 44 00 04 00 04 40 00 00 02 02 44 00 11 04 00 02 02 00 00 60 44 44 02 00 01 44 44 00 44 14 44 00 00 80 00 00 08 04 20 64 84 01 44 24 04 40 12 04 00 00 02 02 00 02 00 00 02 00 40 00 00 04 00 08 10 40 50 80 44 44 44 06 40 88 10 00 00 00 11 02 08 14 20 02 02 00 80 40 00 00 40 04
00 40 03 00 40 11 00 04 00 00 44 44 04 44 44 00 44 44 44 00 00 00 02 80 00 00 02 00 02 02 00 00 04 00 00 40 04 00 02 44 02 00 00 04 44 05 04 00 00 22 08 44 04 44 44 00 02 00 02 54 40 20 04 04 20 00 02 04 22 00 10 00 41 13 45 46 04 04 40 44 44 46 44 54 45 44 40 00 00 02 02 00 00 02 00 40 08 44 02 40
00 44 00 03 82 44 04 00 00 00 00 44 88 04 80 11 46 04 00 14 20 00 00 02 22 44 04 04 44 40 0a 44 00 01 44 08 00 04 00 00 40 44 04 44 04 01 10 02 00 04 00 02 00 60 04 02 02 00 02 00 00 00 22 00 44 01 08 08 00 00 04 00 44 02 00 04 00 00 22 00 50 64 50 00 22 80 22 01 00 00 02 20 00 00 02 00 00 00 40 08
10 04 00 10 04 00 40 84 08 04 01 00 00 44 80 01 00 08 00 80 01 40 00 00 00 00 00 00 00 02 00 00 24 40 00 40 20 00 10 00 00 02 00 13 40 44 02 22 00 00 44 20 00 00 14 00 02 00 00 02 44 40 8a 00 40 01 04 40 04 00 02 00 40 10 80 10 00 00 82 00 10 00 00 40 40 40 24 44 00 45 02 00 02 02 02 44 04 44 02 00
08 22 00 20 00 44 04 46 04 00 40 01 46 00 80 02 00 02 00 20 00 02 00 02 02 42 a4 00 00 00 00 44 44 00 46 04 01 44 44 50 00 00 00 05 00 40 02 04 00 02 44 00 44 44 80 00 12 02 02 00 00 02 00 00 04 44 44 02 00 00 80 00 00 44 04 40 41 40 00 04 02 00 00 10 00 00 04 00 02 00 02 44 40 04 20 00 08 04 01 88
08 40 40 88 00 00 00 46 04 04 88 10 00 00 02 00 60 02 00 00 00 02 02 00 00 02 00 8a 00 00 40 13 00 00 46 02 00 02 00 01 02 00 44 44 40 64 40 00 40 00 00 02 00 02 02 00 00 02 00 44 00 12 40 64 44 00 44 20 00 44 45 11 4c 02 02 00 40 05 03 00 04 02 00 00 00 46 00 00 00 00 00 02 00 00 00 40 02 02 00 02
11 00 00 00 10 64 02 44 40 44 44 44 50 04 40 04 44 0a 40 00 00 02 64 00 20 40 40 00 00 02 00 00 54 44 04 00 00 01 04 20 00 20 40 00 02 54 40 44 64 40 60 04 00 00 02 00 02 00 00 02 04 04 02 00 10 00 00 00 02 00 02 80 00 00 40 44 04 44 40 02 04 00 12 44 00 00 02 00 02 40 0b 44 04 02 08 44 00 04 01 02
12 00 08 40 04 00 02 05 04 00 28 64 00 00 22 00 45 44 00 00 00 00 00 00 00 00 00 20 44 02 00 46 00 00 44 00 00 45 04 10 00 00 00 00 03 00 80 02 00 00 88 88 00 00 00 00 84 40 00 01 22 88 00 04 84 00 02 44 04 01 00 40 00 50 00 01 00 00 02 46 04 44 00 01 00 00 00 04 02 02 00 00 00 00 02 00 04 88 80 00
00 00 00 00 12 05 02 80 44 12 00 04 02 00 02 05 06 00 00 00 00 00 a0 08 14 08 10 04 08 04 80 02 00 01 46 20 04 40 04 00 02 00 45 04 44 46 00 00 00 00 00 02 00 02 00 00 02 00 00 20 02 00 02 00 02 44 00 00 00 40 88 02 05 44 00 44 20 00 00 00 00 22 00 00 03 00 02 02 00 40 40 44 64 40 44 44 00 44 64 00
40 01 00 02 80 04 00 00 08 44 04 44 00 40 00 00 00 02 88 00 02 00 02 00 00 00 00 04 44 00 00 02 02 20 08 11 02 00 40 20 04 80 00 80 06 00 08 50 40 02 02 00 02 44 08 03 00 00 12 04 22 00 04 00 04 00 40 02 22 0a 00 40 00 08 10 20 00 00 04 80 44 04 45 00 00 02 00 00 00 00 00 00 00 40 04 22 04 02 20 00
80 00 02 01 00 10 80 00 02 00 01 44 04 00 41 13 02 00 00 00 03 00 44 44 06 04 00 04 44 44 80 00 44 01 80 44 54 00 03 00 80 00 80 00 05 80 00 20 00 00 00 02 00 00 00 02 04 22 00 03 24 40 00 02 10 08 80 20 44 80 00 02 45 02 00 04 00 00 08 80 04 02 02 02 00 10 24 05 08 06 10 13 06 00 01 00 00 00 00 80
00 84 08 00 02 00 00 00 00 00 11 04 45 00 00 00 00 00 00 02 44 04 00 22 00 08 20 00 02 02 04 04 40 40 00 04 60 00 44 04 00 02 04 00 14 00 40 02 02 02 a0 00 00 30 20 44 00 40 03 00 44 40 44 10 a8 20 00 00 44 44 02 00 04 08 00 04 02 00 04 02 00 00 02 00 00 44 08 00 44 44 00 05 04 40 02 40 00 02 00 00
04 04 80 00 10 00 88 04 14 00 00 00 00 00 02 04 20 00 10 00 04 00 04 44 00 44 44 44 44 44 02 54 08 08 00 08 00 00 44 44 44 54 44 02 00 02 00 00 02 00 00 00 02 10 00 80 20 00 44 40 20 02 48 08 00 00 00 04 80 11 02 00 02 04 80 02 00 02 80 01 00 24 20 44 00 40 00 80 80 10 00 04 00 44 00 42 44 44 02 00
00 02 05 04 08 46 04 44 02 02 02 00 00 00 00 00 00 00 00 40 02 00 64 00 00 00 40 00 82 02 82 80 10 01 00 02 04 02 08 80 08 02 02 00 00 00 10 00 00 80 44 44 40 01 00 44 88 00 42 44 44 64 44 44 02 00 40 44 40 88 80 a8 00 00 00 02 00 00 00 02 00 00 44 00 00 00 80 02 00 44 00 04 00 02 00 02 00 40 88 20
04 00 00 22 44 44 04 02 00 02 44 11 00 44 02 04 00 00 04 04 02 45 04 00 02 54 40 02 00 00 00 00 00 00 00 44 04 02 00 00 00 02 00 00 00 00 02 00 40 20 00 00 42 64 04 03 00 01 00 00 24 00 04 20 00 00 04 00 44 64 44 04 04 00 02 00 02 00 44 40 44 04 02 00 00 03 00 02 00 04 40 11 02 40 40 24 04 06 04 20
80 02 00 00 00 00 10 40 00 00 00 00 00 00 02 00 00 00 40 13 44 00 00 00 00 00 05 00 00 00 04 00 22 44 00 00 80 00 44 00 00 00 00 02 80 80 00 44 80 44 08 00 00 44 04 00 0c 00 10 80 04 02 00 22 44 40 08 00 02 00 00 00 00 01 00 02 00 00 00 44 00 00 00 00 02 80 00 01 06 14 04 00 40 44 04 04 00 00 01 00
44 00 00 00 40 00 02 00 02 00 04 40 04 00 44 04 06 00 00 00 46 04 01 00 00 46 00 02 00 00 00 04 00 04 00 00 04 04 02 11 00 00 00 00 00 00 02 00 00 00 00 10 05 00 00 00 00 00 02 06 02 00 02 00 00 82 44 08 00 10 00 00 00 00 00 02 44 00 ca 02 00 44 20 08 00 00 11 10 44 44 00 00 44 00 00 14 00 40 64 46
04 00 00 64 00 08 02 00 00 00 00 40 00 00 00 44 00 40 00 02 44 44 44 04 44 04 04 64 00 02 00 00 c4 00 00 00 00 00 00 02 00 44 44 40 44 00 00 11 48 13 00 01 00 01 40 44 40 00 02 80 00 04 00 00 44 00 44 00 44 01 00 44 00 00 00 00 00 00 00 00 00 00 00 00 44 44 00 44 00 44 00 00 44 02 00 00 02 00 00 04
00 03 40 00 00 44 02 00 00 40 00 04 62 20 04 46 00 40 10 64 46 04 44 44 40 00 40 44 00 45 40 44 05 00 00 22 00 02 00 00 02 00 00 00 00 00 00 02 00 00 80 44 44 01 00 40 00 00 00 10 00 04 04 c0 80 44 10 04 44 00 00 00 00 02 00 00 44 00 11 40 02 88 02 01 02 08 00 44 20 00 00 40 00 10 00 00 03 44 00 01
04 04 54 a0 00 00 00 00 02 00 00 02 00 00 40 00 00 44 00 00 80 20 88 00 02 00 00 00 00 04 00 10 00 54 00 00 40 00 04 00 00 00 00 44 04 00 10 40 04 44 88 00 00 04 00 00 40 44 64 44 04 06 01 0a 00 00 00 00 00 00 45 00 00 00 00 00 00 00 00 00 02 02 00 41 00 00 02 00 00 02 00 4c 00 44 04 00 44 60 40 44
00 44 00 00 00 00 00 00 00 02 00 02 00 20 0a 04 04 00 00 00 03 04 40 44 00 80 01 00 02 44 44 02 04 20 00 54 08 11 44 08 44 00 00 00 00 00 00 00 00 00 02 00 00 22 00 02 00 00 04 00 02 40 00 10 00 44 00 02 00 00 44 60 06 64 40 64 44 44 00 00 00 02 00 c8 04 04 40 44 84 00 04 00 44 20 44 64 80 00 10 00
20 00 02 01 22 00 00 40 40 00 00 54 44 00 00 02 00 00 00 00 20 44 40 40 08 40 04 00 06 00 00 44 04 00 48 04 00 82 00 00 02 10 00 00 04 00 00 40 00 00 88 40 04 02 00 44 03 00 00 00 06 00 14 02 00 00 44 44 46 02 00 00 80 00 04 04 44 04 04 02 80 00 02 00 00 00 00 00 01 00 11 00 00 02 00 00 00 80 40 8a
54 04 50 40 00 44 40 44 80 54 04 01 40 00 02 00 8a 04 04 10 00 00 40 00 00 02 00 00 00 00 05 80 00 00 00 04 80 00 00 00 00 03 00 00 04 00 00 00 00 00 00 02 00 00 40 00 40 02 00 00 44 00 00 44 00 08 00 00 40 01 00 00 45 00 11 00 44 00 44 44 00 02 00 00 11 02 08 22 01 44 11 44 50 01 00 00 44 00 02 40
00 00 00 02 00 80 00 04 00 02 00 04 00 46 00 00 40 00 00 00 00 00 00 02 10 00 00 04 a0 00 44 44 00 00 00 00 02 00 22 00 00 04 00 40 44 44 04 00 02 00 00 46 24 06 00 40 24 00 00 00 44 00 00 00 00 08 00 00 c4 10 00 40 40 00 00 00 40 44 00 00 00 02 00 00 00 00 00 00 00 44 44 00 00 03 00 00 02 00 01 88
20 00 00 00 00 00 00 46 04 44 44 01 00 00 00 02 00 22 40 48 22 00 02 44 00 02 40 08 06 00 00 44 04 00 40 00 24 00 80 80 01 00 01 10 01 00 00 80 00 00 02 00 00 00 00 00 00 11 00 06 00 54 40 00 05 00 40 00 00 40 44 44 06 44 40 60 00 80 01 80 10 12 00 00 02 00 00 00 08 44 40 20 02 22 00 40 64 46 00 08
04 10 00 44 46 02 02 00 45 00 00 20 80 00 04 00 40 44 02 02 00 00 02 00 00 00 02 00 00 00 00 02 00 04 00 10 00 24 08 04 20 00 44 00 04 01 00 00 00 00 02 00 02 04 04 00 04 00 04 00 44 88 02 40 20 00 10 04 04 50 00 02 44 44 04 00 00 02 04 44 00 00 01 00 00 00 00 00 00 00 00 00 40 20 00 01 00 44 00 60
44 00 00 44 00 44 00 00 00 22 04 00 40 40 00 40 00 00 02 00 00 04 41 42 08 00 04 40 88 44 00 44 02 00 00 00 40 04 00 40 0a 54 44 44 44 40 64 06 11 00 00 00 00 00 00 00 00 00 00 00 00 00 00 00 20 00 00 00 10 10 04 44 60 44 44 44 00 10 00 00 06 44 00 00 44 00 00 00 00 02 44 05 42 00 40 4c 00 00 06 01
00 00 02 00 02 00 64 44 02 04 04 00 00 08 00 44 00 44 04 00 00 00 02 02 02 00 00 00 10 00 44 20 44 04 40 04 02 01 00 00 a0 00 00 44 00 04 00 80 40 80 44 00 00 00 02 00 00 00 00 44 04 08 00 00 80 02 40 04 01 00 00 00 00 00 00 44 00 00 04 44 00 0c 01 00 02 80 a8 80 00 00 00 00 00 00 00 00 00 40 24 00
00 00 00 40 01 04 44 46 44 00 44 02 40 00 44 00 04 44 00 02 00 40 00 00 00 00 02 50 04 40 20 04 00 06 80 00 00 00 04 80 00 00 88 02 00 40 00 00 20 00 00 44 40 04 00 04 40 00 00 00 00 00 00 00 00 00 04 88 44 64 00 00 20 00 06 02 00 10 00 44 44 44 04 06 40 20 44 40 00 02 00 02 88 02 42 88 44 20 00 00
00 00 04 00 00 00 00 00 04 44 04 0c 10 11 00 04 80 00 00 00 01 00 00 00 00 02 00 00 00 00 40 04 08 11 04 40 00 04 40 02 44 00 44 04 00 06 00 00 54 40 00 00 42 00 00 82 08 00 00 00 02 00 84 01 00 00 01 00 04 44 00 00 00 00 00 46 44 44 44 40 44 40 44 04 04 00 00 02 44 64 00 00 00 00 02 00 00 00 40 00
40 80 00 08 00 00 04 44 00 44 46 04 06 01 02 44 02 00 00 11 80 00 00 13 00 00 00 00 02 00 c0 08 c8 40 04 46 44 06 04 00 02 04 04 00 10 80 80 10 00 00 11 00 04 00 20 00 00 01 44 00 00 00 00 02 00 00 02 00 00 44 02 40 04 04 00 00 44 00 00 04 08 00 00 80 a0 80 84 00 08 44 02 02 00 00 22 40 00 0a 00 00
04 00 00 04 03 02 00 01 44 04 00 04 01 00 80 04 00 14 20 00 01 04 00 00 00 02 00 00 02 00 00 00 00 00 08 02 00 10 01 10 00 00 02 00 00 04 04 10 00 00 00 00 04 02 44 04 44 c4 00 00 00 00 00 00 00 00 40 64 40 20 00 00 00 44 00 02 80 00 08 04 54 44 00 44 10 05 00 14 64 44 44 00 80 00 12 04 00 00 00 00
00 00 02 44 00 00 02 00 00 80 00 45 54 40 00 00 00 00 01 40 44 44 02 08 00 04 44 00 00 00 00 00 00 44 20 44 00 00 44 00 00 02 00 40 44 02 40 44 44 00 00 00 00 00 46 00 c8 82 00 00 04 03 00 00 00 02 00 00 02 00 00 00 00 00 50 64 00 04 44 45 04 00 01 00 05 04 00 01 00 00 04 04 01 40 00 13 00 20 00 02
00 00 44 04 40 00 00 02 06 80 00 00 06 00 00 00 00 c0 00 40 11 02 00 00 00 00 44 00 44 00 44 40 00 00 00 02 00 00 00 00 10 00 11 02 00 02 44 08 00 00 45 44 00 06 00 00 00 40 00 40 00 44 44 04 00 02 00 00 02 44 44 00 20 00 8c 00 04 00 00 02 00 02 04 00 44 45 00 80 00 80 00 00 01 00 03 14 00 00 02 00
00 00 00 00 00 00 00 44 00 40 64 04 40 40 10 00 84 00 40 00 40 04 00 44 00 01 80 80 80 10 11 00 02 00 44 06 40 00 80 50 64 00 00 00 10 00 80 04 00 40 05 40 04 06 00 00 44 80 01 00 00 22 00 00 00 00 00 00 00 00 04 00 02 46 00 40 00 00 a0 00 00 48 00 44 40 00 00 00 08 00 00 00 45 44 00 00 00 00 02 00
22 04 11 40 00 00 00 44 44 04 01 00 00 00 00 00 00 00 24 00 44 40 02 04 04 00 00 44 44 44 00 02 00 02 00 00 00 00 00 00 00 04 00 40 00 00 02 00 04 44 00 06 44 00 00 00 02 00 00 00 04 04 00 04 00 00 02 00 00 40 03 00 80 00 00 00 00 08 00 48 01 02 40 40 02 00 00 00 00 44 06 20 00 44 44 04 04 10 00 00
00 00 00 00 00 00 00 00 40 02 44 00 44 44 00 00 00 00 00 44 44 80 40 00 00 03 00 00 00 00 00 04 00 02 00 00 00 40 40 44 08 40 44 45 40 00 80 02 00 00 80 00 00 10 00 00 40 40 40 40 00 10 05 00 00 00 00 02 00 00 00 00 00 00 00 00 44 00 10 00 00 00 40 44 64 04 00 00 04 00 01 00 00 00 00 05 02 01 00 00
00 00 00 00 00 00 44 04 44 00 00 64 44 44 44 00 22 00 00 00 00 00 00 00 00 05 00 64 00 80 10 00 04 00 10 04 00 00 00 00 00 00 02 20 00 22 00 44 00 00 40 00 02 00 01 00 00 44 44 60 40 04 00 00 00 08 00 05 00 04 00 00 00 40 00 00 00 20 80 80 22 00 50 04 40 44 40 44 00 44 00 40 00 40 40 00 04 00 00 20
00 44 02 00 00 00 00 00 00 00 00 00 00 00 00 40 04 02 00 40 00 44 00 01 02 00 00 44 00 00 22 00 01 00 44 40 40 00 00 02 00 40 24 54 00 00 40 04 04 04 40 02 44 00 00 00 44 44 00 00 00 42 12 08 02 00 88 00 00 00 05 01 00 00 00 02 00 00 02 00 02 41 46 40 01 00 00 10 04 04 00 04 00 00 00 44 40 44 01 04
44 04 02 00 80 00 00 00 00 00 00 01 04 00 03 24 08 00 00 44 40 01 04 44 20 44 00 00 02 00 00 44 00 44 00 02 00 00 44 50 64 00 00 00 00 00 00 02 00 00 00 00 02 00 02 04 08 04 02 00 00 04 00 00 00 04 00 44 00 00 00 80 00 02 00 00 00 00 00 64 50 00 02 02 00 00 06 00 40 00 00 00 08 02 04 88 80 00 00 02
00 00 00 00 40 04 00 00 04 00 00 00 02 00 00 00 00 00 00 11 02 44 00 40 64 44 40 00 40 00 04 00 42 00 00 90 00 80 40 00 04 44 00 44 00 00 02 00 00 00 44 10 00 00 64 04 00 20 00 04 02 02 00 10 00 40 00 06 00 00 44 44 44 44 44 00 04 00 01 44 00 00 02 00 00 00 00 00 00 00 00 40 00 02 00 00 44 00 10 00
00 50 04 06 20 00 00 00 03 44 44 04 04 00 00 00 00 00 20 44 10 50 00 51 40 44 44 00 00 00 00 04 04 00 00 01 00 00 02 00 14 00 00 00 04 48 00 01 00 00 00 00 00 00 00 00 00 20 02 00 40 24 00 01 44 00 44 00 04 04 a0 00 00 00 00 44 42 00 44 10 20 00 00 02 00 00 00 44 00 04 00 44 04 00 44 01 40 00 00 00
20 44 00 20 44 40 06 44 44 00 00 80 00 10 00 40 12 00 02 00 00 00 00 00 44 00 40 00 44 00 88 04 00 04 22 00 00 00 80 02 08 04 10 10 00 04 02 44 60 00 00 00 00 66 00 00 04 40 01 80 02 00 80 20 00 00 00 01 44 00 44 01 44 40 44 44 04 04 44 00 06 00 00 00 00 02 00 00 00 00 00 00 40 00 00 11 00 04 02 01
10 01 00 04 00 00 44 00 00 88 00 02 00 02 00 04 44 00 00 00 00 02 00 44 00 50 04 04 80 00 00 64 00 00 44 00 00 44 00 00 44 04 00 08 04 80 02 00 00 01 00 44 40 00 00 00 00 00 00 00 00 40 42 00 40 00 04 00 01 02 00 00 44 00 04 01 14 00 00 40 00 04 00 00 00 80 02 00 02 00 00 10 44 00 02 44 44 44 08 00
00 02 00 44 02 44 00 04 00 11 00 80 88 22 04 04 00 00 44 04 40 00 00 00 02 00 00 00 00 00 08 40 20 00 06 00 00 00 00 02 00 02 00 44 00 02 44 04 03 44 00 40 46 00 00 00 00 00 44 00 00 40 44 00 44 40 02 00 44 00 08 13 00 10 04 00 80 02 01 04 00 00 11 40 00 00 80 00 00 00 00 02 00 00 00 02 40 00 00 00
04 00 44 40 00 40 05 40 04 48 03 04 20 00 00 a0 80 88 22 00 00 00 00 00 00 80 40 40 04 44 00 40 10 44 60 44 44 54 01 40 44 24 00 00 00 22 00 00 00 00 44 64 44 40 44 00 00 00 00 00 00 00 00 00 00 00 64 44 00 04 02 00 00 00 00 00 10 02 44 40 03 88 a0 00 05 00 03 00 00 00 00 00 44 44 44 20 42 44 40 00
00 01 80 00 00 00 00 08 00 80 00 00 20 00 44 00 00 00 44 00 08 00 00 00 02 00 00 00 00 00 00 00 02 40 40 40 00 04 00 44 40 04 04 00 02 00 40 01 00 00 00 00 44 44 00 04 00 02 00 00 00 88 22 08 44 40 54 44 44 20 40 00 00 00 20 44 00 02 46 40 44 00 40 44 44 00 44 44 00 80 00 00 00 00 00 02 00 00 00 00
00 40 01 00 00 22 00 00 00 02 00 41 00 64 44 44 40 44 44 64 44 00 80 00 20 00 00 00 00 02 00 44 01 42 00 50 00 00 00 c0 00 46 00 00 00 00 04 04 00 00 44 46 00 44 44 50 44 46 00 20 06 00 00 02 00 00 00 00 00 00 04 80 02 00 00 46 80 02 04 11 00 00 80 00 00 04 44 13 40 44 00 64 44 20 00 02 00 88 04 40
00 44 00 44 00 00 44 00 00 00 40 00 40 00 44 44 44 54 44 44 00 02 00 00 10 13 00 00 00 00 00 00 00 00 00 00 00 10 20 00 44 00 44 00 00 00 08 06 00 00 02 80 40 00 01 00 00 44 02 00 00 04 00 00 00 00 10 44 00 44 00 80 20 00 00 04 80 04 40 04 08 44 44 00 46 44 44 00 44 00 44 44 00 44 44 00 00 02 00 00
00 00 00 44 40 44 64 00 10 80 00 80 80 80 02 00 80 04 10 00 00 04 04 00 44 03 44 00 00 02 00 00 02 00 54 00 00 40 80 00 00 00 44 00 00 46 00 40 44 04 44 64 04 00 00 40 00 44 00 10 00 00 88 00 00 00 00 00 00 00 00 00 01 00 00 40 40 11 00 00 80 00 04 44 64 40 00 04 00 40 08 00 00 00 00 00 00 00 00 00
44 00 80 00 10 50 08 44 01 02 04 00 64 02 40 00 00 01 00 00 14 64 00 20 00 10 00 40 04 00 00 00 00 00 00 00 00 00 00 22 44 20 10 00 80 02 04 46 00 00 45 00 44 00 40 04 00 20 08 54 04 44 10 00 40 00 00 45 40 04 04 00 00 46 60 06 00 04 04 00 c0 13 00 00 00 00 88 00 04 80 64 c0 00 00 00 40 00 00 00 00
00 40 04 00 00 00 00 06 04 04 00 40 01 88 00 80 00 00 01 00 44 04 80 02 80 22 04 00 00 00 00 10 44 00 44 02 40 64 04 02 44 88 44 45 44 00 40 64 00 00 0c 00 10 00 04 00 44 44 06 c0 00 0c 00 00 00 02 00 00 00 00 40 00 00 04 04 08 00 54 05 04 04 00 00 00 80 03 10 02 00 44 04 44 00 00 40 00 00 00 00 44
11 40 00 40 40 00 02 44 44 08 00 00 80 40 80 00 00 00 60 00 00 81 00 00 00 04 02 00 00 00 00 00 00 00 00 00 00 00 04 00 10 00 40 22 04 00 00 04 04 00 44 00 00 00 00 08 01 02 00 00 44 00 00 02 00 00 02 04 40 42 44 22 04 00 44 44 00 04 00 00 00 01 00 40 04 00 44 00 04 44 44 54 40 03 00 a0 00 00 00 00
00 00 00 00 00 00 00 00 80 40 20 00 00 44 00 00 00 44 40 44 00 00 00 04 00 00 00 a8 00 22 00 00 00 00 02 00 e4 40 44 00 04 01 02 02 00 00 20 04 00 40 01 00 44 44 40 00 00 00 64 04 11 00 01 44 08 00 00 00 00 00 00 00 00 00 00 44 00 00 40 00 00 02 00 04 42 04 00 00 01 00 20 00 00 00 00 44 04 00 08 00
00 02 00 00 02 04 44 02 05 00 00 44 00 44 04 00 44 00 00 00 04 00 03 44 00 00 40 04 00 44 02 80 00 40 00 00 00 00 00 00 00 00 00 40 00 02 00 00 00 00 00 04 00 44 80 00 00 80 00 00 00 00 00 02 00 04 00 44 00 00 00 00 00 00 00 44 44 00 0a 00 00 40 00 00 01 00 00 01 04 44 00 00 00 00 20 44 00 11 44 20
88 00 44 04 00 00 00 02 00 00 00 00 10 00 50 00 44 02 80 a0 00 00 00 00 02 44 40 44 04 00 08 44 00 44 01 00 00 00 00 00 00 00 04 c0 00 00 20 00 00 04 00 11 02 00 03 54 64 40 44 04 44 04 00 00 10 02 00 00 02 11 14 00 00 00 00 02 00 00 00 00 00 00 00 00 00 10 20 80 00 44 40 01 00 46 00 00 40 00 02 00
11 00 44 44 44 02 00 02 00 00 00 00 00 00 44 80 00 80 00 80 00 00 00 00 44 00 00 00 00 04 44 00 00 00 04 00 00 04 80 04 00 40 00 00 00 00 00 00 00 00 00 00 00 00 40 20 88 00 02 00 44 64 00 00 40 08 44 00 00 00 00 08 20 44 00 00 00 00 00 44 04 42 24 0a 90 04 81 00 00 46 8a 44 44 11 04 02 00 04 00 80
02 00 10 00 88 20 00 00 04 00 00 00 00 02 00 00 00 00 00 00 04 00 44 04 08 00 00 00 10 40 00 00 02 44 00 04 44 00 04 02 00 00 40 64 00 02 00 90 22 00 00 40 40 44 44 00 22 00 44 00 44 44 00 00 04 02 00 00 02 02 00 00 c4 44 00 00 00 04 00 02 00 00 02 00 00 00 02 00 02 00 04 01 06 80 00 40 00 00 00 04
20 00 08 00 40 20 00 02 00 00 00 c4 03 00 24 44 40 20 44 00 04 13 44 00 88 02 80 80 00 05 02 08 00 04 80 40 20 00 01 00 00 00 00 02 00 00 00 00 00 44 00 00 01 00 01 04 00 00 44 00 45 44 44 10 04 02 00 02 00 80 80 02 0c 00 00 00 00 54 00 40 08 22 44 11 00 04 44 02 44 00 44 88 40 00 00 54 64 04 20 00
00 04 10 44 00 50 45 00 00 02 00 00 00 00 02 00 00 00 01 00 04 02 40 44 00 00 04 44 00 00 10 24 00 00 54 00 00 40 64 00 00 00 02 00 00 22 44 01 00 00 44 04 00 44 00 00 00 04 04 02 00 00 00 00 00 00 00 00 64 00 04 44 12 00 00 02 00 00 00 00 00 00 00 04 01 80 00 02 00 00 00 44 00 04 44 00 01 00 44 02
00 00 00 06 00 00 00 44 00 00 00 00 00 00 00 40 00 44 08 02 04 44 44 11 08 00 40 44 04 00 54 00 00 00 44 00 00 00 06 40 04 00 00 00 00 00 00 02 00 00 00 00 00 40 01 02 13 46 00 02 00 08 04 03 00 10 00 02 00 04 00 44 00 00 00 00 04 00 04 04 00 00 02 24 20 00 22 00 02 00 01 40 41 04 00 00 40 00 46 00
40 00 00 00 22 06 00 00 04 04 11 84 44 00 00 00 00 00 00 00 00 00 00 00 40 44 00 00 00 00 44 20 80 02 01 04 02 00 00 08 00 00 46 00 22 00 11 00 04 04 00 00 00 00 00 00 88 06 00 00 40 80 40 50 44 00 64 40 44 44 01 44 00 02 04 44 00 03 80 00 44 00 44 40 04 10 40 00 00 00 40 00 00 00 00 00 00 00 44 00
00 00 00 00 00 01 00 00 44 00 45 00 44 44 04 44 44 04 80 20 00 02 00 00 00 50 04 02 80 02 00 88 44 00 00 02 00 60 00 00 05 46 60 44 00 00 22 00 04 04 00 06 00 00 44 00 00 00 02 00 00 00 00 00 40 00 80 04 00 80 44 01 00 00 00 00 00 40 00 44 00 64 44 00 44 00 44 00 00 02 00 00 8c 00 44 00 00 11 04 00
00 44 00 00 00 02 04 00 80 04 04 80 02 80 40 80 00 04 00 11 44 04 00 02 00 00 00 00 00 01 00 00 00 00 04 08 00 00 00 40 44 44 00 00 00 04 00 02 04 00 00 00 44 00 00 00 00 00 00 44 08 00 44 00 00 00 04 20 08 00 04 00 44 02 00 06 80 00 40 02 00 80 02 00 10 00 22 40 40 00 00 00 00 00 00 00 04 04 20 04
04 00 44 00 02 00 02 05 44 64 40 60 44 40 00 11 44 44 44 44 44 02 00 00 00 44 54 64 c0 00 00 44 04 44 02 80 00 00 00 00 00 04 00 00 04 44 44 40 10 00 00 00 00 00 00 00 00 00 02 00 00 00 40 00 00 02 44 08 00 00 40 00 44 06 02 08 80 40 01 00 04 08 00 00 00 00 40 00 00 00 02 02 00 64 44 a0 40 40 01 44
00 02 40 64 06 44 40 64 00 00 02 00 00 44 00 00 60 44 00 80 02 80 00 00 00 00 02 00 02 00 00 00 00 00 00 00 04 06 00 80 04 80 14 10 08 44 40 40 44 06 84 00 02 04 04 00 00 00 02 00 08 22 04 40 0a 00 00 00 04 00 00 03 00 00 00 11 04 0c 13 00 40 00 22 00 00 20 00 00 08 44 00 01 02 00 00 00 40 00 00 00
00 00 20 44 00 10 22 44 00 44 02 00 00 00 06 00 44 00 00 44 44 00 00 00 40 00 00 00 00 00 00 44 00 00 00 00 44 40 44 40 00 00 00 00 01 00 45 40 4c 11 00 02 80 04 02 24 44 80 80 00 00 00 00 00 00 00 00 00 00 00 20 44 04 00 40 04 00 00 00 00 20 00 00 00 00 44 80 04 00 40 46 44 04 00 00 00 00 00 00 00
00 44 11 00 08 44 00 48 00 50 40 00 20 00 10 00 00 00 00 00 80 00 44 44 50 44 44 44 06 00 45 00 00 00 00 00 02 00 02 00 00 00 00 02 00 00 00 00 44 64 06 00 00 00 00 40 05 44 00 44 04 44 04 04 00 00 00 80 44 00 00 08 51 44 44 00 64 44 00 00 44 00 00 02 00 00 00 04 20 04 04 44 04 00 00 00 06 00 00 00
00 00 02 00 40 00 00 00 44 02 00 44 00 40 80 48 64 00 40 44 06 00 00 00 00 04 00 02 00 00 00 02 00 05 08 00 00 00 40 01 0c 10 00 00 00 00 00 41 00 00 00 00 00 00 00 00 00 40 00 00 00 00 00 00 00 00 00 00 00 00 00 00 00 00 00 00 00 00 00 00 00 00 00 00 00 02 00 00 00 00 00 00 00 00 00 00 00 00 00 00
00 02 00 00 00 00 00 00 00 00 00 00 00 00 00 00 00 00 00 00 00 00 00 00 02 00 00 00 00 00 02 00 00 00 00 00 00 00 00 04 04 00 02 00 00 02 00 02 00 00 00 00 00 00 00 00 00 00 00 00 20 04 00 00 00 00 00 00 02 02 00 00 5a a5 11 ec 96 8c 1d d0 d3 ff b7 f6 c5 98 92 81 d7 d3 c3 3c
5a a5 0d 79 30 a4 6e 40 67 b0 e1 14 71 f8 c3 3c
5a a5 0d de a4 8d 11 e7 f3 99 9e b3 e5 d0 c3 3c
00 00 00 00 00 04 00 00 00 00 00 00 00 00 80 00 00 00 00 00 00 00 00 04 00 00 00 00 00 00 00 00 00 04 44 44 44 00 44 00 44 00 00 00 44 44 04 00 00 00 00 04 00 00 44 44 00 04 00 00 04 00 44 00 00 08 08 00 00 02 44 44 44 00 40 00 02 0a 00 20 80 22 44 00 02 80 05 02 02 40 44 11 02 05 02 0a 00 00 00 08
02 44 00 00 02 44 80 00 a0 02 80 00 04 22 00 00 02 00 40 44 00 22 05 02 00 8a 00 00 80 11 00 00 00 00 44 00 00 40 00 00 44 00 80 80 00 04 00 04 00 04 04 00 00 00 44 00 80 44 44 04 44 44 40 00 05 40 04 00 04 40 00 04 44 24 04 04 08 44 20 80 00 02 00 00 00 00 00 02 20 00 11 02 00 00 04 00 00 08 00 00
08 02 00 00 00 00 00 00 80 64 00 00 00 02 02 22 44 01 46 20 04 00 02 44 00 00 00 00 00 08 04 44 06 08 44 64 44 00 44 0a 00 00 10 00 00 00 02 00 00 00 00 00 44 04 10 88 00 40 00 00 04 00 00 22 00 10 00 00 04 06 00 00 00 46 00 02 40 00 44 00 00 00 00 00 00 00 02 44 00 04 08 02 00 00 40 00 02 00 00 40
44 64 04 20 04 00 00 c0 02 00 80 00 00 00 40 44 00 00 00 00 00 00 00 00 02 00 00 01 40 00 08 10 64 c4 00 80 00 88 00 80 00 10 00 80 64 00 00 04 80 00 00 00 02 00 00 88 00 00 40 00 00 40 04 44 20 02 00 00 44 44 00 44 00 44 64 04 01 44 00 40 00 40 00 00 00 44 01 00 00 40 00 00 00 00 00 00 00 00 02 80
08 88 40 80 00 00 44 00 44 00 00 51 00 00 44 44 00 00 08 44 00 00 00 00 00 00 62 04 41 40 00 00 40 46 00 04 00 0c 00 46 05 40 44 04 40 10 84 00 00 08 04 04 04 20 02 00 04 00 00 00 00 00 00 00 00 00 00 00 00 44 20 00 01 00 40 44 00 42 04 00 00 40 44 40 44 44 00 04 06 00 00 00 00 00 00 84 00 04 00 00
40 00 00 08 05 00 00 00 00 00 00 0a 04 00 44 00 00 00 80 44 00 00 00 00 00 00 00 00 00 00 00 00 00 40 00 40 00 20 10 46 20 40 20 00 00 00 04 00 06 80 04 04 04 04 02 40 02 02 00 00 00 00 88 01 40 04 c4 00 00 00 44 00 00 02 54 40 12 04 44 02 80 02 00 08 00 00 44 80 00 00 44 00 08 00 00 40 00 00 02 00
00 44 44 20 00 10 44 00 44 00 44 00 80 00 02 10 20 44 44 04 04 00 00 00 08 00 00 00 00 00 02 00 00 10 44 00 00 00 04 00 00 44 40 00 00 00 00 00 08 10 20 00 44 04 02 44 20 44 04 00 02 00 a0 00 00 00 00 00 00 00 00 40 00 00 06 00 00 00 00 22 80 00 44 00 44 0a 04 a8 64 00 00 00 00 00 02 44 13 00 00 00
10 42 08 42 08 22 00 22 00 00 02 44 40 20 80 04 00 00 00 00 00 05 80 00 00 00 00 02 11 04 12 00 00 00 00 00 00 00 00 40 00 00 02 40 44 00 00 00 20 00 00 00 04 00 00 00 00 00 00 80 44 00 00 08 00 00 00 00 02 62 40 00 44 00 00 88 44 24 44 00 00 00 05 00 c0 00 44 00 00 40 00 04 00 00 00 64 44 40 44 00
02 00 00 00 00 00 80 04 22 00 44 00 02 44 02 80 44 14 00 02 00 00 00 80 00 10 04 00 00 00 00 00 00 00 00 04 42 00 40 00 01 00 50 00 40 44 04 00 80 00 44 00 40 00 00 04 00 00 00 44 64 46 00 04 00 00 00 00 00 00 00 00 04 00 00 44 08 44 00 04 04 00 40 46 04 44 08 04 00 46 00 02 00 00 00 00 00 00 02 00
00 42 04 44 01 04 40 44 04 20 00 44 44 00 04 00 64 46 00 22 00 01 10 00 00 54 44 04 00 80 00 00 00 00 00 00 00 00 00 00 00 00 00 22 44 04 10 00 02 00 00 00 46 00 00 02 00 22 80 84 10 80 64 02 00 00 02 64 40 00 00 00 44 44 40 01 01 02 40 00 00 00 06 04 00 44 40 44 44 60 00 80 00 01 44 10 00 00 40 02
02 00 00 02 00 00 00 40 00 40 00 00 02 00 02 05 04 00 40 00 22 80 00 00 c0 00 44 00 05 40 40 04 01 00 00 00 00 00 00 00 02 88 22 00 01 06 11 44 20 00 00 40 01 00 04 44 04 10 02 00 50 00 06 20 00 00 64 54 44 44 00 02 00 00 00 00 00 00 02 00 00 22 00 00 02 44 88 44 00 01 44 44 44 64 02 00 00 04 03 54
44 06 80 00 00 00 00 00 00 00 00 40 40 44 40 10 20 10 44 00 80 00 02 80 00 0a 08 02 00 08 04 00 00 00 80 00 44 00 00 04 80 06 00 02 00 00 00 00 00 00 00 02 00 00 00 40 00 44 80 02 40 05 00 00 40 00 00 08 04 04 02 00 00 20 44 04 00 00 00 00 00 00 44 08 44 24 44 24 08 00 00 11 44 00 00 05 44 00 04 00
08 80 40 08 00 44 80 00 20 00 00 20 00 00 00 02 00 00 40 40 00 44 00 44 20 40 00 44 10 00 00 00 08 80 00 00 00 00 00 00 00 44 44 04 64 00 00 02 00 00 40 8a 00 00 42 44 44 02 44 00 10 20 00 00 01 00 02 02 03 10 00 44 00 44 10 00 08 00 02 01 00 02 00 00 00 00 00 00 00 02 40 00 22 44 44 04 04 00 24 48
00 80 12 00 04 04 80 00 80 00 10 00 44 00 00 00 00 00 00 64 44 8c 08 02 04 00 40 00 04 02 04 04 10 80 00 00 00 00 02 04 00 00 00 08 40 08 10 00 00 00 00 00 00 00 00 00 40 02 80 08 20 20 20 02 00 12 02 20 20 02 24 02 02 04 00 28 20 25 04 20 20 04 04 64 80 30 20 00 00 00 00 00 02 00 64 36 46 22 44 44
44 44 40 04 44 00 02 40 44 44 02 04 60 02 40 04 00 04 44 44 44 44 00 44 00 00 00 00 00 00 00 00 00 00 02 04 01 00 00 40 08 44 24 88 80 00 10 20 04 02 20 44 00 44 04 00 44 00 00 00 00 00 00 02 00 44 24 44 44 64 44 04 40 82 00 44 00 01 02 02 54 64 04 00 44 00 88 0a 00 00 01 00 48 44 00 00 00 00 00 00
00 02 00 00 00 40 44 40 45 06 00 00 44 00 40 00 00 00 44 04 00 44 08 00 00 44 44 44 00 00 00 00 00 44 00 42 00 00 00 00 00 00 40 44 00 60 00 00 00 00 04 00 00 44 00 00 00 44 00 04 04 00 44 40 00 02 00 00 00 00 00 08 00 40 02 40 00 04 03 00 01 44 44 00 00 88 04 00 00 04 40 44 00 00 11 44 04 00 00 00
00 00 50 40 e4 00 40 04 44 44 40 44 08 01 44 44 00 04 00 40 00 44 40 04 10 20 00 00 82 00 02 02 64 02 00 40 00 00 00 00 04 00 01 40 04 20 04 44 00 02 04 04 44 45 44 44 c0 01 48 44 00 40 44 44 00 00 00 00 00 02 00 00 81 44 00 00 01 00 00 00 45 00 04 20 04 00 00 44 00 00 00 44 40 00 00 40 44 02 46 44
44 00 00 00 00 02 00 00 40 00 02 46 01 01 40 00 00 00 00 04 60 44 44 44 80 00 00 00 10 44 00 00 00 04 40 00 00 00 00 02 22 44 02 44 64 04 40 44 44 44 4c 44 44 00 44 0a 40 44 40 80 01 88 44 20 80 44 44 44 0a 00 00 02 00 00 00 00 00 00 00 40 00 00 08 10 00 44 01 40 48 40 40 44 00 08 04 20 00 04 48 40
40 00 a8 00 00 00 00 00 00 40 13 00 a0 80 04 88 44 80 01 02 44 00 00 00 00 44 20 40 44 00 00 04 04 02 44 04 80 40 00 40 00 00 00 00 00 02 00 00 44 00 06 64 00 00 00 00 00 40 44 80 02 44 44 00 00 00 44 60 04 00 00 44 04 06 00 40 02 40 0c 44 44 04 00 04 64 04 00 40 40 40 44 00 04 44 10 00 00 c0 00 40
01 44 80 08 01 40 04 00 00 00 02 00 00 00 00 00 10 01 44 44 44 04 00 00 00 04 44 64 04 00 08 40 44 44 80 80 00 00 44 00 00 02 00 00 44 40 00 00 44 40 00 00 40 00 44 44 54 40 48 02 44 01 44 40 46 64 44 44 40 40 44 64 00 00 00 00 00 00 00 00 00 00 40 02 04 04 00 14 40 60 04 00 46 44 46 44 00 44 00 00
44 44 44 11 54 44 44 00 00 02 00 00 00 00 26 30 44 60 46 04 00 44 44 44 88 00 46 04 44 00 00 02 00 00 46 44 04 02 00 20 00 22 00 08 44 00 00 02 00 00 02 00 40 00 00 40 04 00 00 44 00 00 00 04 00 44 04 44 00 00 44 00 04 20 80 00 11 00 64 00 00 00 00 20 44 00 02 44 44 44 04 00 54 00 44 60 46 44 00 04
88 00 80 00 40 00 04 80 00 01 02 04 48 00 04 00 40 00 00 00 00 04 44 00 46 04 04 00 00 20 44 88 50 44 64 44 44 00 44 00 04 40 44 50 04 00 00 00 00 00 00 08 04 40 44 00 44 04 00 40 04 04 04 04 40 04 c0 00 08 00 00 4c 00 00 00 00 64 04 44 44 44 00 00 00 00 00 00 40 00 00 00 01 00 40 00 44 40 01 46 64
44 44 04 00 04 02 00 00 02 80 00 08 00 04 12 40 00 02 00 00 c4 04 40 05 44 44 04 00 01 10 40 44 00 40 44 04 40 40 00 04 01 04 00 00 00 44 40 44 44 00 04 00 00 02 00 00 00 00 00 00 00 00 00 04 02 00 44 04 08 64 04 40 44 54 00 02 00 44 00 00 40 44 44 00 00 00 00 00 00 00 11 22 42 00 00 0a 44 01 44 00
00 01 00 00 04 02 08 00 80 44 44 04 00 44 44 44 44 44 44 00 00 00 00 00 00 00 00 02 00 00 02 44 44 44 44 44 04 40 40 44 64 40 40 44 20 40 44 06 10 00 64 00 00 22 00 10 00 00 00 00 88 01 40 40 44 20 44 00 64 46 44 00 46 04 00 44 04 00 00 00 02 44 00 13 00 00 00 00 40 04 04 00 00 00 00 02 00 00 02 00
00 00 40 00 04 00 00 02 04 00 40 00 00 00 00 02 00 44 02 00 00 00 20 44 00 10 00 00 00 00 00 00 04 00 42 08 10 00 44 00 00 00 04 00 00 80 00 80 00 04 04 00 02 44 40 00 11 00 44 08 00 40 00 00 00 00 00 00 40 04 00 00 40 00 00 00 00 40 02 42 00 00 44 40 00 04 40 10 00 00 00 02 00 00 00 00 00 00 00 00
00 00 08 00 64 00 06 40 44 04 00 00 40 44 00 40 02 10 00 64 c0 00 64 46 00 02 04 04 00 00 80 00 00 00 00 00 00 00 02 40 80 00 02 40 00 00 00 80 00 02 00 80 00 04 04 00 01 04 00 00 80 02 88 00 01 00 00 00 00 00 00 02 44 40 00 44 20 44 44 44 00 44 64 00 01 80 00 05 02 00 10 44 40 40 00 02 44 44 44 46
44 04 00 00 02 00 00 00 00 00 40 00 00 00 00 02 00 02 00 44 44 45 00 00 44 10 00 20 41 00 00 00 44 00 02 44 00 00 00 00 00 00 44 04 44 00 04 04 44 00 00 00 01 44 04 00 44 00 80 06 02 45 44 00 44 40 44 04 00 00 00 00 00 00 00 00 00 00 00 00 00 00 00 00 04 10 00 00 00 0a 00 00 00 22 00 00 00 00 02 04
00 80 44 40 46 64 44 64 00 00 00 02 02 45 01 04 48 00 c4 80 64 04 04 00 02 00 10 00 80 00 00 00 11 00 00 00 04 02 04 44 44 84 08 00 02 00 00 00 00 00 00 40 00 01 04 40 00 00 00 44 46 00 04 02 46 00 00 01 00 00 80 00 08 00 64 00 04 02 00 00 00 44 80 04 44 40 44 44 10 44 54 00 46 00 40 00 44 40 00 00
45 00 00 02 44 00 00 04 80 80 02 00 00 00 00 00 00 00 00 00 00 04 00 20 01 0a 00 00 a0 00 02 44 04 04 44 05 00 00 04 04 04 44 44 04 00 02 00 00 00 00 08 00 48 11 00 40 08 40 00 00 20 00 02 00 12 00 10 10 00 80 00 00 01 04 00 88 02 00 00 40 80 10 00 00 40 00 00 02 00 08 00 00 00 00 00 00 00 04 00 00
00 04 80 80 00 44 00 02 00 44 00 04 11 40 02 02 00 00 02 00 00 44 00 44 a0 00 46 00 00 80 00 00 00 40 00 44 04 44 00 02 00 00 40 13 00 00 62 00 00 08 00 01 00 00 00 00 00 00 00 00 00 02 00 40 60 40 00 02 44 00 02 04 64 04 00 00 00 44 04 02 02 10 46 88 04 80 80 00 00 00 00 00 00 44 54 00 01 02 00 11
00 08 01 02 00 00 05 44 00 00 04 00 04 02 00 00 00 00 44 02 44 00 40 00 00 00 00 00 40 00 00 00 00 00 40 44 00 44 00 40 10 14 04 00 00 40 40 90 06 02 04 40 01 08 00 02 08 00 00 00 40 00 00 22 00 00 88 46 44 04 40 44 64 46 60 44 64 00 40 00 80 40 40 04 40 46 44 04 01 02 00 80 00 00 00 00 00 00 00 00
00 02 00 00 00 80 04 00 04 00 00 00 44 00 04 80 00 01 00 00 00 42 04 44 00 44 00 04 00 00 00 00 44 00 4c 40 44 04 00 40 00 80 02 00 80 54 44 44 00 00 01 00 00 00 40 44 44 44 04 01 54 00 00 00 00 00 00 00 00 00 00 80 00 40 80 00 00 44 00 05 00 80 80 50 84 00 00 02 02 44 08 00 00 02 00 00 00 00 02 00
44 04 44 04 44 44 40 44 40 00 40 00 60 00 00 00 44 00 00 02 44 10 00 00 90 02 80 00 44 01 00 02 00 00 00 00 00 46 00 00 00 00 00 82 04 80 00 00 00 80 00 08 44 88 00 04 00 04 40 10 64 02 00 00 00 44 04 08 41 40 44 01 04 20 00 00 01 44 00 04 00 02 00 64 c4 00 00 03 44 02 00 00 00 00 00 00 02 00 00 00
00 00 00 44 00 40 00 00 44 44 00 04 02 00 42 00 00 04 02 44 00 00 44 04 44 04 64 04 00 00 00 00 00 00 44 08 02 44 00 00 00 44 00 00 00 44 00 04 00 08 46 04 00 01 00 00 40 02 44 80 00 00 10 00 00 02 00 00 5a a5 11 bd 38 8d ba 81 7d fe 10 a7 6b 99 35 d0 79 d0 c3 3c
fc 00
